1955 -30.773369863013702 2.8132757025654547
1956 -30.043196721311475 2.3105565748679346
1957 -30.642547945205475 2.157043811621421
1958 -24.90424657534247 2.1714505725530793
1959 -27.65895890410959 2.306700709510804
1960 -26.225136612021856 2.1952096548445814
1961 -24.626109589041096 2.2219926219605877
1962 -22.663534246575338 2.1711369849616973
1963 -23.61328767123288 2.07021843842891
1964 -26.907295081967213 2.1229796611838494
1965 -26.255945205479453 1.9892708924673732
1966 -24.295616438356163 1.612465326848025
1967 -24.51493150684932 1.328035083553446
1968 -26.49087431693989 1.359078253605616
1969 -26.742191780821923 1.4113391385518423
1970 -27.73139726027397 1.3713289986563495
1971 -25.308931506849312 1.3084611756378648
1972 -25.21346994535519 1.229565177565481
1973 -25.037753424657534 1.2727836250230646
1974 -22.19846575342466 1.3169009511086864
1975 -21.93813698630137 1.3898968401004526
1976 -23.50830601092896 1.4145109281147035
1977 -22.546301369863013 1.2662003511065805
1978 -21.555890410958906 1.0442840307113046
1979 -22.873616438356166 0.952395217446938
1980 -22.272978142076504 0.886967425315117
1981 -22.158712328767123 0.9485093302237391
1982 -22.627369863013698 0.9248580712018153
1983 -23.56594520547945 0.8850246590990337
1984 -24.715819672131147 0.8232707154843121
1985 -23.03564383561644 0.8485087481592388
1986 -19.827287671232874 0.7898305811814409
1987 -19.85956164383562 0.6406706803210259
1988 -20.23390710382514 0.617567310567044
1989 -20.98695890410959 0.6823155534963763
1990 -21.260027397260277 0.7621750184038614
1991 -17.771369863013703 0.6639525704165978
1992 -16.968196721311475 0.6049491098352485
1993 -16.309205479452057 0.5296215008229782
1994 -15.530575342465752 0.4927566195724646
1995 -16.52438356164383 0.4907625604977053
1996 -13.44948087431694 0.5243742129011711
1997 -13.683342465753423 0.48179534547967284
1998 -11.854356164383562 0.4127753611593828
1999 -10.503589041095891 0.40337082344255987
2000 -12.321530054644807 0.37971468558021376
2001 -11.35890410958904 0.3340081950872436
2002 -8.581945205479453 0.34583045458930983
2003 -5.993287671232879 0.34934898196910824
2004 -5.814480874316939 0.30198274596691077
2005 -4.6825753424657535 0.31771679424228055
2006 -2.376712328767123 0.28898637312272807
2007 -3.9366027397260286 0.2722363180638456
2008 -2.393060109289618 0.2646904399380439
2009 -0.8426849315068491 0.24607656592917035
2010 -1.2830684931506848 0.2290788590485298
2011 -0.18084931506849325 0.253683543443251
2012 1.0989071038251366 0.23586641014725906
2013 2.393095890410959 0.2355130535367176
2014 3.061808219178082 0.24670666289995974
2015 4.5244109589041095 0.23539227828520523
2016 3.9772131147540986 0.25129459810465316
2017 5.669232876712329 0.32320858244337997
