%%% Global Ocean Heat Content estimate from 1940 to 2017 (v3, Monthly)
%%% CZ16 method (EnOI-DE/CMIP5 method, firstly Published in Journal of Climate, improved in our Science Advances paper)
%%% Cheng L. and J. Zhu, 2016, Benefits of CMIP5 multimodel ensemble in reconstructing historical ocean subsurface temperature variation, Journal of Climate. 29(15),5393-5416,doi:10.1175/JCLI-D-15-0730.1
%%% Cheng L. *, K. Trenberth, J. Fasullo, T. Boyer, J. Abraham, J. Zhu, 2017: Improved estimates of ocean heat content from 1960 to 2015, Science Advances, 3, e1601545. 

%%% Update date: Mar. 2018 by L.Cheng (all 2017 values are included)
%%% unit of OHC:  *10^22 Joules
%%% Smoothed-OHC is 12-month running mean.
%%% Baseline: 2006-2015
%%% Note: in this version (v3), we included the Arctic Ocean, improved land mask, and used updated CH14 XBT correction.
%%% Information of updated CH14 scheme for XBT data provided in http://159.226.119.60/cheng/ and https://www.nodc.noaa.gov/OC5/XBT_BIAS/xbt_bias.html
%%% Note: Reliable records are after 1955

%%% Link to Ocean Gridded Temperature Analysis: 
%%% ftp://ds1.iap.ac.cn/ftp/cheng/CZ16_v3_IAP_Temperature_gridded_1month_netcdf/
%%% OR:  http://ddl.escience.cn/f/FiL0

"year" "month" "OHC0-700m" "Smoothed OHC0-700m" "Error, 95% CI is OHC+/-Error" "OHC700-2000m" "Smoothed OHC700-2000m" "Error, 95% CI is OHC+/-Error" 
1940	1	-25.13	 NaN	6.29	-10.25	 NaN	5.72
1940	2	-25.74	 NaN	6.29	-10.39	 NaN	5.72
1940	3	-24.86	 NaN	6.29	-10.35	 NaN	5.72
1940	4	-23.89	 NaN	6.29	-11.21	 NaN	5.72
1940	5	-24.04	 NaN	6.29	-11.36	 NaN	5.72
1940	6	-24.39	 NaN	6.29	-11.37	 NaN	5.72
1940	7	-25.80	-24.90	6.29	-10.87	-10.91	5.72
1940	8	-25.77	-24.90	6.35	-10.68	-10.97	5.68
1940	9	-25.87	-24.88	6.25	-10.72	-11.03	5.65
1940	10	-24.92	-24.95	6.21	-10.80	-11.07	5.65
1940	11	-23.09	-25.07	6.37	-11.27	-11.06	5.64
1940	12	-24.97	-25.16	6.52	-11.33	-11.02	5.65
1941	1	-25.72	-25.12	6.42	-11.00	-10.98	5.56
1941	2	-25.17	-24.98	6.11	-11.00	-10.95	5.49
1941	3	-24.99	-24.81	5.94	-11.21	-10.91	5.44
1941	4	-25.35	-24.66	5.90	-11.29	-10.87	5.38
1941	5	-25.66	-24.65	5.91	-11.01	-10.82	5.34
1941	6	-24.92	-24.69	5.86	-10.76	-10.75	5.28
1941	7	-24.13	-24.63	5.89	-10.59	-10.69	5.26
1941	8	-24.19	-24.59	6.13	-10.16	-10.65	5.27
1941	9	-23.39	-24.50	6.13	-10.27	-10.60	5.32
1941	10	-23.69	-24.27	6.19	-10.36	-10.53	5.30
1941	11	-24.14	-23.99	6.01	-10.46	-10.45	5.32
1941	12	-24.92	-23.73	6.01	-10.55	-10.37	5.34
1942	1	-24.42	-23.48	5.76	-10.31	-10.29	5.26
1942	2	-25.30	-23.26	5.80	-10.57	-10.23	5.24
1942	3	-22.72	-23.09	5.80	-10.44	-10.16	5.26
1942	4	-22.11	-22.95	6.02	-10.40	-10.09	5.25
1942	5	-22.37	-22.80	6.04	-9.94	-10.02	5.26
1942	6	-21.83	-22.68	6.12	-9.96	-9.95	5.23
1942	7	-21.28	-22.53	6.29	-9.60	-9.88	5.23
1942	8	-21.69	-22.30	6.24	-9.54	-9.79	5.21
1942	9	-21.80	-22.12	6.26	-9.36	-9.72	5.21
1942	10	-21.91	-22.10	6.38	-9.49	-9.66	5.24
1942	11	-22.32	-22.15	6.38	-9.62	-9.62	5.28
1942	12	-23.79	-22.21	6.30	-9.77	-9.59	5.31
1943	1	-22.07	-22.23	5.65	-9.38	-9.58	5.22
1943	2	-22.14	-22.22	5.71	-9.51	-9.59	5.24
1943	3	-21.55	-22.14	5.53	-9.70	-9.59	5.26
1943	4	-22.84	-22.01	5.88	-9.67	-9.59	5.29
1943	5	-22.91	-21.86	6.11	-9.67	-9.59	5.29
1943	6	-22.58	-21.69	6.04	-9.66	-9.59	5.29
1943	7	-21.11	-21.55	5.93	-9.71	-9.58	5.33
1943	8	-21.58	-21.44	6.01	-9.45	-9.57	5.32
1943	9	-20.09	-21.35	6.06	-9.50	-9.57	5.35
1943	10	-20.36	-21.24	6.06	-9.50	-9.56	5.38
1943	11	-20.37	-21.13	5.97	-9.62	-9.56	5.39
1943	12	-21.57	-21.06	5.96	-9.67	-9.57	5.42
1944	1	-20.94	-21.07	5.59	-9.26	-9.58	5.33
1944	2	-20.68	-21.11	5.38	-9.44	-9.60	5.34
1944	3	-20.67	-21.16	5.33	-9.58	-9.63	5.35
1944	4	-21.24	-21.26	5.34	-9.63	-9.69	5.35
1944	5	-21.71	-21.39	5.28	-9.69	-9.76	5.40
1944	6	-22.17	-21.49	5.18	-9.79	-9.82	5.41
1944	7	-21.79	-21.53	5.12	-9.84	-9.88	5.45
1944	8	-21.80	-21.56	5.13	-9.79	-9.93	5.46
1944	9	-21.13	-21.61	5.07	-10.03	-9.96	5.46
1944	10	-21.75	-21.64	5.06	-10.30	-9.98	5.43
1944	11	-22.15	-21.65	5.14	-10.45	-10.00	5.41
1944	12	-22.24	-21.63	5.15	-10.39	-10.01	5.40
1945	1	-21.05	-21.58	5.04	-9.89	-10.01	5.29
1945	2	-21.44	-21.51	5.22	-9.96	-10.01	5.27
1945	3	-21.03	-21.45	5.29	-9.87	-10.00	5.29
1945	4	-21.51	-21.41	5.33	-9.89	-9.98	5.29
1945	5	-21.80	-21.36	5.45	-9.90	-9.94	5.30
1945	6	-21.62	-21.32	5.39	-9.86	-9.92	5.29
1945	7	-21.01	-21.34	5.40	-9.79	-9.91	5.30
1945	8	-21.02	-21.40	5.61	-9.76	-9.90	5.26
1945	9	-20.52	-21.56	5.68	-9.86	-9.90	5.28
1945	10	-21.24	-21.74	5.56	-9.93	-9.92	5.26
1945	11	-21.51	-21.84	5.46	-9.98	-9.96	5.26
1945	12	-22.07	-21.92	5.57	-10.22	-10.02	5.26
1946	1	-21.51	-21.99	5.62	-9.78	-10.06	5.22
1946	2	-22.42	-22.00	5.65	-9.94	-10.09	5.25
1946	3	-23.97	-21.98	5.25	-9.92	-10.10	5.27
1946	4	-22.95	-21.98	5.22	-10.29	-10.12	5.31
1946	5	-22.68	-22.01	5.26	-10.58	-10.12	5.31
1946	6	-22.74	-22.06	5.24	-10.58	-10.10	5.28
1946	7	-21.44	-22.12	5.24	-10.10	-10.07	5.29
1946	8	-20.84	-22.14	5.12	-9.94	-10.03	5.25
1946	9	-20.41	-22.01	5.18	-10.01	-9.99	5.23
1946	10	-21.19	-21.84	5.27	-10.23	-9.94	5.24
1946	11	-22.24	-21.74	5.14	-9.77	-9.88	5.25
1946	12	-22.70	-21.63	5.26	-9.94	-9.81	5.22
1947	1	-22.34	-21.51	5.12	-9.32	-9.77	5.10
1947	2	-21.99	-21.41	5.07	-9.56	-9.75	5.08
1947	3	-21.32	-21.32	5.09	-9.16	-9.75	5.08
1947	4	-21.53	-21.19	5.01	-9.80	-9.75	5.03
1947	5	-21.60	-21.06	4.85	-9.66	-9.78	5.04
1947	6	-21.08	-20.93	4.76	-9.93	-9.83	4.99
1947	7	-20.20	-20.79	4.63	-9.75	-9.87	4.97
1947	8	-19.78	-20.67	4.66	-9.88	-9.89	4.98
1947	9	-19.26	-20.60	4.94	-9.99	-9.91	5.00
1947	10	-19.27	-20.56	5.00	-10.30	-9.91	5.01
1947	11	-20.99	-20.55	4.95	-10.44	-9.86	5.02
1947	12	-20.93	-20.59	5.00	-10.46	-9.77	5.01
1948	1	-20.69	-20.72	4.86	-9.77	-9.66	4.85
1948	2	-20.78	-20.92	4.93	-9.54	-9.53	4.83
1948	3	-20.80	-21.16	4.80	-9.58	-9.38	4.83
1948	4	-21.14	-21.38	4.92	-9.37	-9.22	4.83
1948	5	-21.70	-21.53	5.08	-8.89	-9.06	4.82
1948	6	-21.95	-21.73	5.14	-8.62	-8.91	4.86
1948	7	-22.48	-22.04	5.04	-8.47	-8.78	4.88
1948	8	-22.41	-22.34	4.99	-8.05	-8.69	4.86
1948	9	-22.30	-22.58	5.03	-8.22	-8.63	4.88
1948	10	-21.52	-22.77	5.25	-8.21	-8.59	4.86
1948	11	-22.34	-22.87	5.43	-8.68	-8.59	4.83
1948	12	-24.49	-22.91	5.62	-8.63	-8.63	4.83
1949	1	-24.45	-22.94	5.20	-8.47	-8.67	4.70
1949	2	-24.23	-22.91	5.19	-8.65	-8.74	4.67
1949	3	-23.23	-22.87	5.07	-8.92	-8.82	4.63
1949	4	-23.03	-22.86	5.10	-9.07	-8.93	4.64
1949	5	-22.20	-22.89	5.07	-9.31	-9.05	4.60
1949	6	-22.52	-22.92	5.06	-9.06	-9.18	4.60
1949	7	-22.54	-22.96	4.89	-9.04	-9.29	4.58
1949	8	-21.81	-23.01	4.91	-9.07	-9.39	4.57
1949	9	-21.85	-23.12	4.85	-9.30	-9.51	4.52
1949	10	-21.76	-23.30	4.65	-9.71	-9.64	4.48
1949	11	-22.86	-23.56	4.66	-10.11	-9.75	4.49
1949	12	-24.71	-23.82	4.71	-10.17	-9.86	4.53
1950	1	-25.22	-23.97	4.42	-9.57	-9.98	4.46
1950	2	-24.68	-24.10	4.53	-10.02	-10.12	4.46
1950	3	-25.29	-24.22	4.51	-10.43	-10.25	4.44
1950	4	-25.41	-24.31	4.33	-10.63	-10.37	4.49
1950	5	-26.04	-24.35	4.45	-10.42	-10.48	4.45
1950	6	-24.80	-24.30	4.56	-10.54	-10.57	4.42
1950	7	-23.84	-24.21	4.44	-10.64	-10.68	4.39
1950	8	-23.74	-24.07	4.23	-10.68	-10.80	4.36
1950	9	-22.77	-23.84	4.14	-10.86	-10.89	4.31
1950	10	-22.96	-23.52	4.04	-11.11	-10.97	4.25
1950	11	-22.58	-23.17	4.13	-11.17	-11.05	4.25
1950	12	-23.83	-22.84	4.02	-11.28	-11.14	4.15
1951	1	-23.90	-22.56	4.02	-11.20	-11.20	4.08
1951	2	-22.68	-22.23	3.96	-11.28	-11.25	4.03
1951	3	-21.64	-21.89	4.08	-11.42	-11.28	3.96
1951	4	-21.51	-21.60	4.10	-11.54	-11.29	4.02
1951	5	-21.39	-21.34	4.08	-11.46	-11.27	3.99
1951	6	-21.62	-21.11	4.03	-11.43	-11.23	4.01
1951	7	-20.24	-20.91	3.95	-11.26	-11.16	4.08
1951	8	-19.44	-20.81	3.88	-11.25	-11.08	4.13
1951	9	-18.88	-20.81	3.89	-11.08	-11.00	4.12
1951	10	-19.90	-20.79	3.95	-11.07	-10.94	4.13
1951	11	-19.51	-20.76	3.91	-10.86	-10.87	4.14
1951	12	-21.43	-20.75	4.02	-10.54	-10.80	4.14
1952	1	-21.42	-20.84	4.38	-10.25	-10.76	4.04
1952	2	-22.73	-21.03	4.58	-10.28	-10.75	4.06
1952	3	-21.60	-21.22	4.56	-10.63	-10.74	4.04
1952	4	-21.17	-21.39	4.52	-10.76	-10.75	4.03
1952	5	-20.90	-21.58	4.47	-10.52	-10.78	4.05
1952	6	-21.80	-21.73	4.45	-10.73	-10.85	4.07
1952	7	-22.32	-21.83	4.34	-11.07	-10.92	4.08
1952	8	-21.83	-21.87	4.09	-11.14	-10.96	4.09
1952	9	-21.11	-21.82	4.16	-11.06	-10.96	4.08
1952	10	-21.80	-21.77	4.33	-11.28	-10.91	4.07
1952	11	-22.07	-21.79	4.44	-11.39	-10.86	4.03
1952	12	-22.53	-21.82	4.46	-11.53	-10.82	4.03
1953	1	-22.75	-21.74	4.47	-10.91	-10.77	3.94
1953	2	-22.28	-21.63	4.45	-10.68	-10.69	3.92
1953	3	-20.93	-21.49	4.29	-10.19	-10.62	3.97
1953	4	-20.70	-21.27	4.39	-10.06	-10.55	4.03
1953	5	-21.91	-21.02	4.51	-10.05	-10.48	4.06
1953	6	-21.39	-20.83	4.52	-10.30	-10.40	4.09
1953	7	-20.82	-20.59	4.54	-10.19	-10.33	4.09
1953	8	-20.64	-20.31	4.43	-10.19	-10.28	4.06
1953	9	-18.99	-20.09	4.31	-10.21	-10.27	4.05
1953	10	-18.54	-19.88	4.19	-10.51	-10.29	4.08
1953	11	-19.39	-19.60	4.18	-10.48	-10.32	4.08
1953	12	-20.63	-19.31	4.38	-10.50	-10.32	4.04
1954	1	-18.89	-19.01	4.19	-10.23	-10.33	3.88
1954	2	-19.37	-18.65	4.13	-10.24	-10.34	3.86
1954	3	-18.57	-18.34	4.13	-10.34	-10.34	3.86
1954	4	-18.03	-18.14	4.16	-10.44	-10.31	3.85
1954	5	-17.86	-17.98	4.22	-10.28	-10.26	3.82
1954	6	-18.49	-17.78	4.09	-10.17	-10.20	3.80
1954	7	-16.65	-17.64	4.07	-10.48	-10.14	3.82
1954	8	-16.08	-17.55	4.10	-10.23	-10.09	3.87
1954	9	-16.03	-17.48	4.29	-10.08	-10.04	3.87
1954	10	-16.73	-17.51	4.34	-9.97	-10.00	3.92
1954	11	-17.31	-17.63	4.09	-9.84	-9.96	3.93
1954	12	-18.08	-17.83	4.17	-9.71	-9.92	3.93
1955	1	-17.93	-18.20	4.03	-9.63	-9.87	3.80
1955	2	-18.29	-18.74	4.09	-9.63	-9.80	3.76
1955	3	-17.96	-19.37	4.20	-9.82	-9.73	3.73
1955	4	-19.25	-19.94	4.26	-9.93	-9.68	3.76
1955	5	-19.55	-20.46	4.23	-9.73	-9.64	3.74
1955	6	-21.72	-20.93	4.24	-9.90	-9.61	3.71
1955	7	-22.32	-21.39	4.15	-9.45	-9.56	3.68
1955	8	-23.44	-21.87	4.40	-9.49	-9.47	3.71
1955	9	-23.59	-22.35	4.46	-9.36	-9.39	3.66
1955	10	-22.96	-22.68	4.39	-9.32	-9.33	3.61
1955	11	-23.44	-22.79	4.44	-9.49	-9.31	3.58
1955	12	-23.42	-22.76	4.04	-9.50	-9.31	3.59
1956	1	-23.65	-22.54	3.88	-8.56	-9.33	3.50
1956	2	-23.90	-22.15	3.59	-8.62	-9.36	3.47
1956	3	-24.01	-21.63	3.43	-8.87	-9.41	3.40
1956	4	-20.99	-21.18	3.29	-9.39	-9.49	3.34
1956	5	-20.56	-20.80	3.38	-9.84	-9.58	3.29
1956	6	-19.85	-20.47	3.34	-9.85	-9.66	3.26
1956	7	-18.94	-20.22	3.04	-9.81	-9.77	3.24
1956	8	-17.52	-19.96	3.17	-9.84	-9.93	3.23
1956	9	-16.98	-19.75	3.16	-10.29	-10.06	3.19
1956	10	-18.88	-19.75	3.07	-10.38	-10.17	3.15
1956	11	-18.38	-19.91	2.93	-10.47	-10.24	3.12
1956	12	-20.55	-20.04	2.84	-10.42	-10.31	3.13
1957	1	-20.52	-20.16	2.91	-10.41	-10.35	3.04
1957	2	-20.75	-20.31	3.01	-10.51	-10.38	3.06
1957	3	-22.15	-20.45	3.00	-10.25	-10.38	3.02
1957	4	-22.88	-20.47	3.09	-10.41	-10.37	3.04
1957	5	-22.38	-20.47	3.08	-10.70	-10.34	3.05
1957	6	-21.34	-20.43	3.08	-10.55	-10.29	3.05
1957	7	-20.19	-20.30	2.91	-10.22	-10.22	3.05
1957	8	-19.87	-20.12	3.04	-10.07	-10.14	3.08
1957	9	-17.95	-19.82	3.19	-10.15	-10.08	3.06
1957	10	-18.41	-19.33	3.26	-10.21	-10.02	2.99
1957	11	-18.86	-18.78	3.16	-9.80	-9.95	3.06
1957	12	-19.29	-18.38	2.89	-9.88	-9.87	3.10
1958	1	-18.62	-18.04	2.80	-9.34	-9.76	3.03
1958	2	-18.28	-17.67	2.90	-9.76	-9.63	3.01
1958	3	-17.52	-17.26	2.94	-9.54	-9.49	3.02
1958	4	-15.57	-16.85	3.00	-9.59	-9.35	3.01
1958	5	-16.66	-16.42	3.06	-9.81	-9.22	3.04
1958	6	-17.29	-16.03	3.04	-9.50	-9.12	3.02
1958	7	-16.20	-15.86	2.94	-8.79	-9.04	3.01
1958	8	-14.83	-15.86	3.01	-8.41	-8.97	3.06
1958	9	-13.27	-15.89	3.30	-8.44	-8.91	3.05
1958	10	-13.17	-16.05	3.45	-8.37	-8.87	3.01
1958	11	-13.86	-16.26	3.43	-8.55	-8.82	3.02
1958	12	-14.90	-16.42	3.54	-8.77	-8.78	2.99
1959	1	-18.87	-16.58	3.56	-8.55	-8.78	2.91
1959	2	-18.01	-16.83	3.58	-8.83	-8.82	2.95
1959	3	-18.52	-17.24	3.62	-9.02	-8.85	2.95
1959	4	-18.52	-17.70	3.74	-9.06	-8.90	2.94
1959	5	-18.79	-18.11	3.72	-9.19	-8.94	2.92
1959	6	-18.90	-18.48	3.76	-9.19	-8.98	2.88
1959	7	-18.55	-18.67	3.41	-9.19	-8.99	2.83
1959	8	-18.47	-18.76	3.58	-8.85	-9.00	2.82
1959	9	-19.43	-18.83	3.75	-8.86	-9.00	2.84
1959	10	-18.07	-18.83	3.68	-9.02	-9.00	2.88
1959	11	-18.65	-18.85	3.35	-9.01	-9.00	2.92
1959	12	-19.21	-18.84	3.30	-9.10	-8.98	2.98
1960	1	-19.09	-18.80	3.16	-8.61	-8.94	2.94
1960	2	-19.82	-18.73	3.23	-8.88	-8.89	2.97
1960	3	-18.42	-18.54	3.28	-8.98	-8.83	2.94
1960	4	-18.60	-18.32	3.36	-9.15	-8.73	2.91
1960	5	-19.14	-18.11	3.33	-9.11	-8.61	2.91
1960	6	-18.40	-17.91	3.43	-8.81	-8.47	2.91
1960	7	-18.08	-17.73	3.32	-8.63	-8.34	2.94
1960	8	-17.24	-17.59	3.17	-8.30	-8.21	2.96
1960	9	-16.14	-17.52	3.18	-7.79	-8.05	2.97
1960	10	-15.97	-17.48	3.21	-7.82	-7.87	2.95
1960	11	-15.85	-17.45	3.17	-7.33	-7.67	2.97
1960	12	-17.13	-17.42	3.21	-7.48	-7.49	3.00
1961	1	-16.94	-17.41	3.39	-7.12	-7.34	2.92
1961	2	-18.57	-17.47	3.34	-7.20	-7.18	2.89
1961	3	-18.00	-17.61	3.33	-6.89	-7.05	2.91
1961	4	-18.08	-17.75	3.27	-6.79	-6.94	2.89
1961	5	-18.76	-17.85	3.29	-6.64	-6.86	2.89
1961	6	-18.22	-17.87	3.32	-7.02	-6.81	2.86
1961	7	-17.98	-17.81	3.50	-6.75	-6.77	2.84
1961	8	-18.72	-17.72	3.46	-6.45	-6.75	2.85
1961	9	-18.15	-17.62	3.58	-6.36	-6.76	2.92
1961	10	-17.17	-17.53	3.39	-6.62	-6.81	2.88
1961	11	-17.00	-17.34	3.31	-6.76	-6.89	2.86
1961	12	-16.65	-17.09	3.42	-6.78	-6.98	2.86
1962	1	-15.93	-16.76	3.58	-6.73	-7.06	2.84
1962	2	-17.32	-16.33	3.71	-7.08	-7.14	2.86
1962	3	-17.03	-15.91	3.48	-7.30	-7.23	2.86
1962	4	-16.72	-15.56	3.50	-7.58	-7.32	2.89
1962	5	-15.67	-15.30	3.28	-7.92	-7.40	2.86
1962	6	-15.20	-15.17	2.98	-7.90	-7.47	2.89
1962	7	-13.02	-15.13	2.80	-7.68	-7.57	2.84
1962	8	-13.53	-14.99	3.02	-7.47	-7.68	2.88
1962	9	-13.29	-14.78	3.05	-7.49	-7.77	2.86
1962	10	-13.62	-14.62	3.24	-7.62	-7.82	2.85
1962	11	-14.22	-14.54	3.33	-7.62	-7.83	2.86
1962	12	-16.39	-14.51	3.25	-7.78	-7.82	2.86
1963	1	-15.19	-14.62	3.19	-8.10	-7.80	2.82
1963	2	-14.75	-14.85	3.10	-8.37	-7.79	2.84
1963	3	-14.55	-15.10	3.03	-8.17	-7.79	2.84
1963	4	-15.31	-15.31	3.04	-7.93	-7.80	2.83
1963	5	-15.18	-15.47	3.03	-7.79	-7.82	2.85
1963	6	-14.90	-15.67	3.06	-7.75	-7.82	2.84
1963	7	-16.01	-15.99	2.85	-7.45	-7.80	2.79
1963	8	-16.07	-16.33	2.97	-7.42	-7.76	2.79
1963	9	-16.64	-16.61	3.08	-7.56	-7.73	2.77
1963	10	-15.49	-16.93	3.06	-7.79	-7.74	2.75
1963	11	-16.24	-17.27	3.08	-7.76	-7.77	2.73
1963	12	-19.06	-17.59	3.13	-7.82	-7.80	2.74
1964	1	-20.23	-17.94	3.04	-7.56	-7.84	2.70
1964	2	-17.89	-18.24	3.13	-7.84	-7.88	2.71
1964	3	-18.00	-18.44	3.33	-8.10	-7.91	2.71
1964	4	-19.66	-18.65	3.51	-8.18	-7.90	2.73
1964	5	-18.95	-18.89	3.61	-8.12	-7.88	2.75
1964	6	-18.85	-19.03	3.46	-8.16	-7.86	2.66
1964	7	-20.36	-19.04	3.30	-8.10	-7.87	2.63
1964	8	-18.92	-19.17	3.25	-7.75	-7.87	2.59
1964	9	-18.75	-19.40	3.34	-7.76	-7.82	2.58
1964	10	-18.38	-19.52	3.34	-7.56	-7.76	2.58
1964	11	-19.09	-19.58	3.34	-7.44	-7.68	2.59
1964	12	-19.42	-19.61	3.13	-7.75	-7.59	2.61
1965	1	-20.26	-19.57	3.21	-7.83	-7.51	2.64
1965	2	-20.81	-19.55	3.08	-7.44	-7.45	2.62
1965	3	-20.60	-19.46	3.15	-7.47	-7.39	2.60
1965	4	-20.14	-19.26	3.04	-7.31	-7.34	2.64
1965	5	-19.75	-19.11	3.00	-7.09	-7.33	2.71
1965	6	-18.88	-18.98	2.92	-7.01	-7.33	2.67
1965	7	-19.21	-18.82	2.83	-7.32	-7.30	2.64
1965	8	-19.68	-18.58	2.77	-7.02	-7.25	2.64
1965	9	-15.84	-18.34	2.81	-7.00	-7.20	2.65
1965	10	-16.55	-18.12	2.96	-7.28	-7.14	2.63
1965	11	-17.20	-17.84	2.98	-7.48	-7.10	2.62
1965	12	-18.28	-17.59	2.98	-7.68	-7.08	2.61
1966	1	-17.44	-17.47	2.25	-7.17	-7.05	2.53
1966	2	-17.87	-17.29	2.31	-6.91	-7.02	2.52
1966	3	-17.85	-17.24	2.25	-6.79	-6.98	2.50
1966	4	-17.63	-17.37	2.28	-6.62	-6.93	2.46
1966	5	-15.43	-17.47	2.36	-6.69	-6.86	2.44
1966	6	-17.32	-17.53	2.38	-6.95	-6.78	2.48
1966	7	-17.80	-17.59	2.36	-6.79	-6.68	2.49
1966	8	-16.96	-17.60	2.30	-6.68	-6.60	2.45
1966	9	-17.19	-17.57	2.30	-6.39	-6.52	1.86
1966	10	-18.38	-17.54	2.20	-6.62	-6.43	1.85
1966	11	-17.75	-17.64	2.16	-6.58	-6.38	1.86
1966	12	-19.17	-17.67	2.20	-6.59	-6.36	1.95
1967	1	-17.98	-17.54	2.05	-5.98	-6.38	1.90
1967	2	-17.73	-17.53	2.02	-6.14	-6.42	1.93
1967	3	-17.23	-17.57	1.95	-5.52	-6.47	1.88
1967	4	-17.53	-17.53	1.91	-5.83	-6.54	1.88
1967	5	-17.78	-17.56	1.87	-6.28	-6.61	1.89
1967	6	-15.86	-17.70	1.72	-6.92	-6.69	1.86
1967	7	-16.13	-17.89	1.72	-7.21	-6.78	1.85
1967	8	-18.18	-18.13	1.81	-7.28	-6.89	1.84
1967	9	-17.06	-18.40	1.91	-7.09	-7.03	1.87
1967	10	-17.59	-18.63	1.89	-7.38	-7.21	1.86
1967	11	-19.09	-18.79	1.88	-7.54	-7.37	1.88
1967	12	-21.20	-18.92	1.85	-7.55	-7.48	1.87
1968	1	-20.50	-19.03	1.83	-7.35	-7.56	1.83
1968	2	-21.12	-19.04	1.74	-7.25	-7.62	1.89
1968	3	-20.16	-19.06	1.69	-7.79	-7.68	1.92
1968	4	-20.20	-19.07	2.11	-8.04	-7.75	1.96
1968	5	-19.07	-18.97	2.13	-7.92	-7.80	1.92
1968	6	-17.55	-18.76	2.20	-7.89	-7.85	1.85
1968	7	-17.05	-18.50	2.09	-7.98	-7.88	1.82
1968	8	-17.70	-18.20	2.06	-7.99	-7.90	1.78
1968	9	-17.85	-17.86	2.02	-8.00	-7.94	1.78
1968	10	-17.15	-17.53	1.98	-8.12	-7.96	1.75
1968	11	-17.09	-17.28	2.07	-8.05	-8.00	1.75
1968	12	-18.05	-17.17	2.16	-8.10	-8.07	1.75
1969	1	-17.51	-17.14	2.22	-7.47	-8.14	1.73
1969	2	-16.95	-17.24	2.23	-7.71	-8.18	1.79
1969	3	-16.09	-17.43	2.30	-8.17	-8.21	1.81
1969	4	-16.28	-17.65	2.29	-8.19	-8.25	1.81
1969	5	-17.12	-17.89	2.33	-8.76	-8.31	1.84
1969	6	-16.76	-18.16	2.17	-8.77	-8.37	1.80
1969	7	-17.29	-18.48	2.26	-8.67	-8.45	1.72
1969	8	-19.88	-18.84	2.27	-8.40	-8.55	1.67
1969	9	-20.24	-19.29	2.25	-8.19	-8.62	1.65
1969	10	-19.95	-19.67	2.15	-8.84	-8.66	1.65
1969	11	-19.96	-19.91	2.07	-8.74	-8.68	1.73
1969	12	-21.85	-20.10	2.07	-8.92	-8.67	1.76
1970	1	-21.19	-20.22	2.00	-8.59	-8.69	1.78
1970	2	-22.04	-20.17	1.96	-8.99	-8.71	1.79
1970	3	-21.70	-19.98	1.97	-8.49	-8.74	1.82
1970	4	-19.81	-19.76	1.97	-8.86	-8.72	1.83
1970	5	-19.32	-19.56	2.01	-8.57	-8.69	1.84
1970	6	-19.19	-19.27	1.96	-8.86	-8.68	1.82
1970	7	-17.74	-18.91	1.97	-8.91	-8.64	1.80
1970	8	-18.18	-18.52	2.17	-8.70	-8.62	1.77
1970	9	-17.47	-18.13	2.21	-8.51	-8.61	1.79
1970	10	-17.50	-17.85	2.20	-8.19	-8.61	1.82
1970	11	-17.44	-17.69	2.15	-8.74	-8.62	1.81
1970	12	-17.59	-17.52	2.13	-8.45	-8.62	1.87
1971	1	-16.69	-17.38	1.96	-8.31	-8.61	1.86
1971	2	-17.28	-17.23	1.92	-8.59	-8.59	1.86
1971	3	-16.93	-17.06	1.99	-8.66	-8.59	1.84
1971	4	-17.87	-16.88	1.89	-8.79	-8.61	1.86
1971	5	-17.36	-16.75	1.83	-8.81	-8.59	1.81
1971	6	-17.25	-16.75	1.90	-8.78	-8.56	1.70
1971	7	-16.24	-16.82	1.92	-8.65	-8.52	1.71
1971	8	-16.10	-16.87	2.04	-8.51	-8.48	1.75
1971	9	-15.44	-16.86	1.99	-8.72	-8.44	1.70
1971	10	-15.18	-16.76	2.00	-8.36	-8.40	1.66
1971	11	-16.71	-16.58	1.93	-8.25	-8.37	1.67
1971	12	-18.22	-16.41	1.90	-8.08	-8.33	1.67
1972	1	-17.75	-16.38	1.86	-7.86	-8.25	1.66
1972	2	-17.58	-16.49	1.86	-7.97	-8.17	1.63
1972	3	-16.42	-16.64	1.88	-8.25	-8.10	1.68
1972	4	-15.93	-16.84	1.90	-8.42	-8.03	1.64
1972	5	-14.93	-17.05	1.98	-8.40	-8.00	1.63
1972	6	-15.68	-17.16	1.88	-8.13	-8.01	1.58
1972	7	-17.10	-17.22	1.92	-7.56	-8.03	1.53
1972	8	-17.88	-17.29	1.88	-7.66	-8.03	1.49
1972	9	-17.17	-17.42	1.84	-7.69	-8.02	1.52
1972	10	-18.26	-17.61	1.80	-7.71	-8.00	1.52
1972	11	-18.57	-17.86	1.83	-8.23	-7.98	1.56
1972	12	-18.98	-18.14	1.93	-8.42	-7.94	1.58
1973	1	-18.42	-18.25	1.91	-7.95	-7.92	1.53
1973	2	-18.68	-18.17	1.96	-7.95	-7.88	1.53
1973	3	-18.51	-18.03	2.01	-7.98	-7.85	1.54
1973	4	-18.23	-17.88	2.03	-8.32	-7.83	1.57
1973	5	-18.67	-17.69	2.03	-7.90	-7.79	1.55
1973	6	-18.62	-17.48	1.98	-7.72	-7.72	1.55
1973	7	-16.98	-17.25	1.82	-7.46	-7.64	1.56
1973	8	-15.96	-17.00	1.93	-6.93	-7.57	1.57
1973	9	-15.73	-16.72	2.09	-7.57	-7.52	1.64
1973	10	-16.12	-16.50	2.04	-7.45	-7.45	1.71
1973	11	-16.22	-16.32	2.03	-7.52	-7.34	1.72
1973	12	-16.29	-16.10	1.93	-7.42	-7.23	1.73
1974	1	-15.56	-15.98	1.90	-6.98	-7.13	1.73
1974	2	-15.50	-15.97	1.94	-7.31	-7.06	1.72
1974	3	-14.99	-15.99	1.91	-7.42	-6.95	1.72
1974	4	-16.47	-15.94	1.90	-7.04	-6.82	1.68
1974	5	-16.07	-15.82	1.96	-6.60	-6.71	1.69
1974	6	-16.06	-15.72	2.10	-6.39	-6.58	1.69
1974	7	-16.57	-15.62	1.97	-6.50	-6.47	1.66
1974	8	-16.27	-15.50	2.02	-6.09	-6.37	1.68
1974	9	-15.80	-15.47	2.09	-5.82	-6.28	1.69
1974	10	-14.75	-15.46	2.07	-6.06	-6.20	1.70
1974	11	-14.73	-15.38	2.09	-6.15	-6.15	1.74
1974	12	-15.48	-15.35	2.13	-5.82	-6.13	1.77
1975	1	-13.82	-15.36	2.00	-5.88	-6.14	1.75
1975	2	-14.42	-15.31	1.98	-6.13	-6.16	1.77
1975	3	-15.47	-15.24	2.09	-6.28	-6.22	1.78
1975	4	-15.60	-15.23	2.07	-6.30	-6.33	1.73
1975	5	-15.14	-15.23	2.12	-6.23	-6.48	1.72
1975	6	-16.32	-15.15	2.27	-6.28	-6.70	1.73
1975	7	-16.38	-15.18	2.18	-6.68	-6.91	1.73
1975	8	-15.33	-15.30	2.10	-6.42	-7.08	1.75
1975	9	-14.99	-15.33	2.30	-7.12	-7.24	1.79
1975	10	-15.49	-15.35	2.23	-7.42	-7.38	1.85
1975	11	-13.89	-15.44	2.05	-8.39	-7.54	1.92
1975	12	-14.45	-15.52	2.13	-8.73	-7.71	1.95
1976	1	-15.49	-15.51	2.03	-7.99	-7.85	1.98
1976	2	-15.73	-15.47	2.05	-8.07	-7.96	1.94
1976	3	-14.91	-15.46	2.09	-8.14	-8.06	1.93
1976	4	-16.49	-15.38	2.21	-8.00	-8.13	1.91
1976	5	-16.58	-15.32	2.31	-8.18	-8.17	1.88
1976	6	-16.76	-15.34	2.21	-8.46	-8.16	1.85
1976	7	-15.60	-15.33	2.09	-7.89	-8.17	1.85
1976	8	-15.23	-15.21	2.11	-7.90	-8.23	1.86
1976	9	-14.69	-15.04	2.15	-8.01	-8.28	1.89
1976	10	-13.92	-14.84	2.08	-8.28	-8.30	1.84
1976	11	-14.02	-14.63	2.07	-8.27	-8.31	1.81
1976	12	-14.91	-14.46	2.06	-8.62	-8.30	1.72
1977	1	-14.64	-14.37	1.92	-8.48	-8.29	1.69
1977	2	-13.70	-14.35	1.85	-9.00	-8.31	1.63
1977	3	-13.02	-14.35	1.83	-8.48	-8.32	1.63
1977	4	-13.55	-14.36	1.96	-8.12	-8.32	1.65
1977	5	-14.45	-14.38	2.10	-8.32	-8.29	1.65
1977	6	-14.76	-14.38	2.13	-8.06	-8.22	1.59
1977	7	-15.52	-14.32	2.06	-8.06	-8.14	1.60
1977	8	-14.80	-14.28	2.02	-8.13	-8.05	1.63
1977	9	-15.14	-14.28	1.96	-8.03	-7.96	1.60
1977	10	-13.81	-14.29	1.86	-8.17	-7.89	1.60
1977	11	-14.45	-14.29	1.85	-7.75	-7.85	1.61
1977	12	-14.53	-14.27	1.77	-7.59	-7.85	1.61
1978	1	-13.69	-14.19	1.57	-7.58	-7.86	1.61
1978	2	-13.56	-14.13	1.58	-7.68	-7.83	1.60
1978	3	-13.09	-14.06	1.65	-7.46	-7.80	1.60
1978	4	-13.73	-13.98	1.64	-7.56	-7.77	1.61
1978	5	-14.32	-13.91	1.64	-8.02	-7.74	1.54
1978	6	-14.51	-13.83	1.45	-8.37	-7.74	1.49
1978	7	-13.89	-13.84	1.29	-7.91	-7.75	1.44
1978	8	-14.88	-13.94	1.32	-7.63	-7.75	1.42
1978	9	-13.34	-14.05	1.35	-7.80	-7.77	1.40
1978	10	-13.69	-14.13	1.42	-7.63	-7.80	1.39
1978	11	-13.01	-14.17	1.34	-7.59	-7.81	1.38
1978	12	-13.91	-14.21	1.34	-7.78	-7.79	1.39
1979	1	-14.54	-14.25	1.32	-7.53	-7.75	1.36
1979	2	-15.15	-14.32	1.30	-7.71	-7.73	1.35
1979	3	-14.21	-14.45	1.29	-7.87	-7.72	1.38
1979	4	-14.43	-14.65	1.33	-7.87	-7.74	1.40
1979	5	-14.72	-14.88	1.39	-8.07	-7.76	1.38
1979	6	-14.90	-15.06	1.36	-7.72	-7.76	1.35
1979	7	-14.48	-15.09	1.46	-7.62	-7.75	1.32
1979	8	-15.96	-15.00	1.53	-7.45	-7.74	1.34
1979	9	-15.47	-14.87	1.62	-7.92	-7.71	1.33
1979	10	-16.43	-14.79	1.11	-7.99	-7.64	1.38
1979	11	-15.78	-14.75	1.09	-7.65	-7.57	1.42
1979	12	-15.37	-14.74	1.07	-7.65	-7.51	1.44
1980	1	-13.93	-14.84	1.05	-7.42	-7.48	1.48
1980	2	-13.45	-14.93	1.02	-7.56	-7.46	1.49
1980	3	-12.95	-14.94	1.04	-7.23	-7.43	1.48
1980	4	-13.79	-14.92	0.97	-7.00	-7.38	1.49
1980	5	-14.23	-14.88	0.99	-7.16	-7.34	1.45
1980	6	-15.29	-14.90	0.90	-7.25	-7.34	1.43
1980	7	-16.47	-14.94	0.87	-7.40	-7.35	1.43
1980	8	-15.96	-15.01	0.99	-7.22	-7.38	1.45
1980	9	-15.74	-15.05	1.08	-7.29	-7.43	1.48
1980	10	-15.79	-15.01	1.09	-7.40	-7.50	1.45
1980	11	-15.46	-14.93	1.03	-7.45	-7.56	1.45
1980	12	-16.07	-14.87	1.02	-7.69	-7.59	1.47
1981	1	-14.32	-14.79	0.97	-7.68	-7.62	1.40
1981	2	-14.54	-14.71	0.93	-7.92	-7.64	1.45
1981	3	-12.85	-14.63	0.91	-8.04	-7.66	1.47
1981	4	-12.96	-14.52	0.89	-7.93	-7.66	1.50
1981	5	-13.26	-14.46	0.96	-7.74	-7.66	1.48
1981	6	-14.67	-14.46	0.93	-7.50	-7.68	1.43
1981	7	-15.26	-14.50	0.94	-7.66	-7.72	1.43
1981	8	-15.23	-14.50	1.49	-7.45	-7.74	1.49
1981	9	-14.65	-14.50	1.64	-7.53	-7.72	1.50
1981	10	-14.20	-14.61	1.68	-7.39	-7.70	1.49
1981	11	-15.50	-14.73	1.63	-7.47	-7.67	1.46
1981	12	-16.08	-14.85	1.51	-8.09	-7.65	1.45
1982	1	-15.23	-14.93	1.35	-8.23	-7.62	1.34
1982	2	-13.68	-14.98	1.30	-7.77	-7.58	1.32
1982	3	-13.80	-15.01	1.28	-7.76	-7.53	1.31
1982	4	-14.45	-15.07	1.22	-7.73	-7.50	1.32
1982	5	-14.68	-15.13	1.20	-7.28	-7.48	1.32
1982	6	-16.10	-15.17	1.24	-7.34	-7.45	1.37
1982	7	-15.84	-15.26	1.23	-7.11	-7.38	1.37
1982	8	-15.77	-15.46	1.27	-6.99	-7.34	1.38
1982	9	-14.91	-15.68	1.34	-6.94	-7.35	1.39
1982	10	-15.46	-15.78	1.29	-7.16	-7.37	1.39
1982	11	-15.63	-15.82	1.27	-7.27	-7.41	1.33
1982	12	-16.80	-15.78	1.27	-7.48	-7.48	1.28
1983	1	-16.67	-15.73	1.15	-7.17	-7.55	1.20
1983	2	-17.17	-15.76	1.16	-7.83	-7.61	1.22
1983	3	-15.44	-15.83	1.14	-7.99	-7.66	1.21
1983	4	-15.30	-15.85	1.21	-8.04	-7.70	1.25
1983	5	-14.75	-15.84	1.35	-8.00	-7.74	1.26
1983	6	-15.15	-15.81	1.34	-8.19	-7.79	1.24
1983	7	-15.50	-15.68	1.23	-7.94	-7.85	1.23
1983	8	-16.85	-15.45	1.30	-7.61	-7.93	1.22
1983	9	-15.66	-15.22	1.35	-7.48	-7.98	1.26
1983	10	-15.17	-15.13	1.32	-7.64	-8.02	1.25
1983	11	-15.67	-15.19	1.30	-7.84	-8.08	1.25
1983	12	-15.87	-15.34	1.37	-7.97	-8.14	1.22
1984	1	-14.53	-15.55	1.23	-8.28	-8.20	1.20
1984	2	-13.89	-15.74	1.29	-8.46	-8.25	1.18
1984	3	-13.26	-15.90	1.15	-8.51	-8.33	1.17
1984	4	-15.33	-16.06	1.13	-8.49	-8.41	1.16
1984	5	-15.99	-16.14	1.08	-8.99	-8.50	1.18
1984	6	-17.61	-16.14	1.09	-8.81	-8.55	1.18
1984	7	-18.09	-16.13	1.01	-8.57	-8.55	1.18
1984	8	-18.78	-16.10	1.06	-8.36	-8.54	1.16
1984	9	-17.67	-16.07	1.19	-8.54	-8.55	1.15
1984	10	-16.85	-15.93	1.27	-8.62	-8.58	1.17
1984	11	-15.84	-15.72	1.23	-8.83	-8.57	1.13
1984	12	-15.85	-15.50	1.21	-8.36	-8.55	1.15
1985	1	-14.16	-15.27	1.21	-7.89	-8.55	1.12
1985	2	-13.77	-15.04	1.25	-8.57	-8.57	1.17
1985	3	-12.57	-14.86	1.25	-8.70	-8.59	1.13
1985	4	-12.58	-14.72	1.21	-8.79	-8.59	1.14
1985	5	-13.70	-14.61	1.17	-8.63	-8.56	1.14
1985	6	-14.80	-14.54	1.17	-8.62	-8.52	1.13
1985	7	-15.22	-14.56	1.11	-8.75	-8.50	1.17
1985	8	-16.26	-14.63	1.17	-8.69	-8.45	1.21
1985	9	-15.74	-14.70	1.32	-8.68	-8.36	1.27
1985	10	-15.36	-14.78	1.35	-8.57	-8.26	1.26
1985	11	-14.80	-14.79	1.23	-8.12	-8.13	1.22
1985	12	-15.32	-14.68	1.21	-8.07	-7.99	1.19
1986	1	-15.05	-14.45	1.07	-7.73	-7.82	1.17
1986	2	-14.48	-14.12	1.11	-7.48	-7.61	1.19
1986	3	-13.72	-13.75	1.11	-7.73	-7.39	1.17
1986	4	-13.28	-13.43	1.15	-7.34	-7.19	1.15
1986	5	-13.24	-13.21	1.13	-6.98	-7.03	1.16
1986	6	-12.53	-13.06	1.10	-6.85	-6.89	1.14
1986	7	-11.93	-12.94	0.98	-6.44	-6.79	1.14
1986	8	-11.82	-12.85	1.01	-6.12	-6.70	1.15
1986	9	-11.18	-12.77	1.07	-5.91	-6.60	1.12
1986	10	-12.17	-12.70	1.20	-6.46	-6.52	1.09
1986	11	-12.70	-12.68	1.14	-6.30	-6.46	1.11
1986	12	-13.90	-12.74	1.06	-6.69	-6.42	1.09
1987	1	-13.50	-12.88	0.94	-6.69	-6.40	1.05
1987	2	-13.85	-13.09	0.84	-6.35	-6.40	1.08
1987	3	-12.51	-13.32	0.89	-6.43	-6.41	1.06
1987	4	-12.73	-13.46	0.89	-6.61	-6.42	1.08
1987	5	-13.31	-13.51	0.90	-6.40	-6.43	1.06
1987	6	-13.97	-13.48	0.69	-6.41	-6.43	1.06
1987	7	-14.00	-13.42	0.64	-6.40	-6.41	1.04
1987	8	-14.78	-13.42	0.62	-6.26	-6.40	1.01
1987	9	-13.58	-13.46	0.73	-6.04	-6.41	1.00
1987	10	-13.24	-13.55	0.71	-6.52	-6.39	1.01
1987	11	-12.86	-13.64	0.66	-6.38	-6.39	0.95
1987	12	-12.92	-13.69	0.66	-6.58	-6.41	0.95
1988	1	-13.11	-13.66	0.68	-6.39	-6.45	0.92
1988	2	-14.20	-13.57	0.71	-6.52	-6.49	0.94
1988	3	-13.23	-13.46	0.70	-6.31	-6.58	0.88
1988	4	-14.01	-13.38	0.77	-6.44	-6.68	0.89
1988	5	-14.32	-13.31	0.81	-6.55	-6.77	0.87
1988	6	-14.02	-13.29	0.73	-6.79	-6.88	0.90
1988	7	-13.44	-13.27	0.73	-6.81	-6.97	0.92
1988	8	-13.18	-13.16	0.77	-6.91	-7.02	0.97
1988	9	-12.36	-13.06	0.95	-7.44	-7.02	1.01
1988	10	-12.60	-13.00	0.91	-7.54	-7.01	1.00
1988	11	-11.93	-12.94	0.95	-7.69	-7.02	1.00
1988	12	-13.24	-12.91	0.93	-7.80	-7.03	0.96
1989	1	-12.23	-12.94	0.92	-7.36	-7.03	0.95
1989	2	-12.55	-13.06	0.95	-6.60	-7.00	0.95
1989	3	-12.56	-13.30	0.98	-6.28	-6.96	0.95
1989	4	-13.11	-13.55	0.98	-6.31	-6.92	1.00
1989	5	-13.72	-13.79	1.04	-6.86	-6.88	1.00
1989	6	-14.09	-14.04	0.94	-6.86	-6.83	0.96
1989	7	-14.08	-14.25	0.86	-6.58	-6.79	0.95
1989	8	-15.38	-14.38	0.92	-6.57	-6.79	0.95
1989	9	-15.78	-14.50	0.98	-6.68	-6.85	0.96
1989	10	-15.24	-14.60	0.90	-7.28	-6.90	0.95
1989	11	-15.09	-14.66	0.97	-7.09	-6.93	0.96
1989	12	-16.15	-14.76	0.86	-7.25	-6.95	1.27
1990	1	-14.30	-14.88	0.91	-6.82	-6.97	1.21
1990	2	-13.69	-14.91	0.87	-7.23	-6.99	1.18
1990	3	-14.16	-14.85	0.88	-7.03	-7.01	1.20
1990	4	-13.93	-14.78	0.92	-6.85	-7.03	1.23
1990	5	-14.40	-14.65	0.97	-7.07	-7.03	1.25
1990	6	-15.69	-14.38	1.01	-6.98	-7.05	1.24
1990	7	-15.43	-14.06	0.88	-6.92	-7.07	1.21
1990	8	-14.73	-13.78	0.91	-6.81	-7.08	1.22
1990	9	-15.12	-13.46	1.01	-6.99	-7.12	1.22
1990	10	-14.14	-13.08	0.93	-7.29	-7.17	1.22
1990	11	-13.01	-12.69	0.90	-7.17	-7.21	1.20
1990	12	-11.84	-12.26	0.88	-7.51	-7.22	1.18
1991	1	-10.83	-11.78	0.79	-7.05	-7.26	1.04
1991	2	-10.47	-11.30	0.82	-7.42	-7.32	0.99
1991	3	-9.70	-10.91	0.84	-7.67	-7.39	1.00
1991	4	-9.40	-10.56	0.81	-7.55	-7.44	1.00
1991	5	-9.56	-10.34	0.81	-7.28	-7.46	1.00
1991	6	-10.16	-10.34	0.85	-7.09	-7.43	1.03
1991	7	-9.34	-10.47	0.79	-7.57	-7.37	1.02
1991	8	-9.37	-10.71	0.74	-7.71	-7.28	1.04
1991	9	-11.04	-10.93	1.01	-7.78	-7.15	1.03
1991	10	-9.78	-11.11	0.98	-7.75	-7.01	1.00
1991	11	-12.21	-11.32	1.05	-7.16	-6.87	0.96
1991	12	-12.61	-11.51	0.95	-6.81	-6.74	0.93
1992	1	-13.27	-11.63	0.86	-6.32	-6.59	0.86
1992	2	-13.60	-11.74	0.83	-5.95	-6.39	0.82
1992	3	-12.02	-11.79	0.85	-6.08	-6.16	0.85
1992	4	-11.42	-11.79	0.88	-5.76	-5.93	0.85
1992	5	-12.56	-11.73	0.85	-5.73	-5.72	0.87
1992	6	-11.74	-11.58	0.80	-5.51	-5.54	0.86
1992	7	-10.60	-11.38	0.78	-5.52	-5.42	0.87
1992	8	-10.84	-11.13	0.83	-4.96	-5.34	0.91
1992	9	-10.57	-10.94	0.91	-5.00	-5.28	0.90
1992	10	-10.22	-10.83	0.81	-4.98	-5.22	0.87
1992	11	-10.42	-10.68	0.87	-4.82	-5.18	0.87
1992	12	-10.84	-10.55	0.86	-4.97	-5.16	0.87
1993	1	-10.13	-10.53	0.86	-5.10	-5.14	0.82
1993	2	-10.79	-10.60	0.83	-5.29	-5.13	0.78
1993	3	-10.35	-10.71	0.83	-5.33	-5.14	0.75
1993	4	-10.33	-10.85	0.77	-5.13	-5.15	0.74
1993	5	-10.19	-10.97	0.75	-5.32	-5.18	0.76
1993	6	-10.89	-11.02	0.68	-5.42	-5.24	0.77
1993	7	-11.08	-11.05	0.66	-5.26	-5.28	0.77
1993	8	-11.98	-11.06	0.68	-5.04	-5.29	0.75
1993	9	-12.00	-11.03	0.66	-5.07	-5.30	0.74
1993	10	-12.13	-11.04	0.75	-5.15	-5.30	0.74
1993	11	-11.42	-11.08	0.72	-5.34	-5.31	0.73
1993	12	-11.11	-11.12	0.71	-5.85	-5.30	0.73
1994	1	-10.59	-11.12	0.63	-5.22	-5.29	0.71
1994	2	-10.39	-11.07	0.64	-5.48	-5.27	0.73
1994	3	-10.26	-10.95	0.62	-5.26	-5.24	0.72
1994	4	-10.61	-10.77	0.63	-5.29	-5.20	0.73
1994	5	-10.90	-10.62	0.61	-5.24	-5.16	0.73
1994	6	-11.08	-10.52	0.65	-5.36	-5.09	0.72
1994	7	-10.77	-10.47	0.61	-5.10	-5.02	0.71
1994	8	-11.12	-10.48	0.70	-4.76	-4.95	0.73
1994	9	-9.97	-10.52	0.74	-4.62	-4.90	0.74
1994	10	-10.03	-10.55	0.71	-4.66	-4.87	0.75
1994	11	-9.81	-10.57	0.67	-4.77	-4.83	0.77
1994	12	-10.23	-10.61	0.68	-4.86	-4.78	0.77
1995	1	-10.42	-10.68	0.62	-4.47	-4.75	0.68
1995	2	-10.83	-10.80	0.60	-4.62	-4.73	0.65
1995	3	-10.74	-10.99	0.59	-4.95	-4.73	0.65
1995	4	-10.91	-11.23	0.62	-4.77	-4.76	0.67
1995	5	-11.03	-11.45	0.61	-4.74	-4.78	0.73
1995	6	-11.79	-11.63	0.55	-4.84	-4.80	0.77
1995	7	-11.87	-11.72	0.52	-4.77	-4.82	0.79
1995	8	-12.86	-11.71	0.61	-4.63	-4.84	0.82
1995	9	-12.84	-11.61	0.68	-4.84	-4.82	0.82
1995	10	-12.74	-11.46	0.70	-4.98	-4.79	0.84
1995	11	-12.38	-11.28	0.67	-5.01	-4.75	0.85
1995	12	-12.01	-11.05	0.66	-5.19	-4.71	0.86
1996	1	-10.84	-10.76	0.61	-4.63	-4.67	0.81
1996	2	-10.09	-10.45	0.61	-4.73	-4.63	0.82
1996	3	-9.19	-10.11	0.63	-4.57	-4.58	0.84
1996	4	-8.82	-9.74	0.67	-4.21	-4.52	0.85
1996	5	-8.83	-9.42	0.65	-4.36	-4.45	0.85
1996	6	-8.41	-9.19	0.60	-4.44	-4.38	0.84
1996	7	-8.30	-9.03	0.54	-4.23	-4.32	0.82
1996	8	-9.05	-8.93	0.59	-4.18	-4.27	0.87
1996	9	-8.45	-8.88	0.60	-4.12	-4.23	0.87
1996	10	-8.26	-8.89	0.59	-4.13	-4.21	0.87
1996	11	-9.15	-8.96	0.61	-4.27	-4.21	0.89
1996	12	-9.85	-9.06	0.63	-4.31	-4.21	0.90
1997	1	-9.01	-9.17	0.58	-4.02	-4.20	0.81
1997	2	-9.47	-9.23	0.59	-4.12	-4.17	0.80
1997	3	-8.81	-9.28	0.57	-4.20	-4.14	0.80
1997	4	-9.39	-9.40	0.59	-4.16	-4.12	0.80
1997	5	-9.89	-9.52	0.55	-4.35	-4.08	0.83
1997	6	-9.84	-9.60	0.52	-4.40	-4.04	0.81
1997	7	-9.42	-9.73	0.46	-4.08	-4.00	0.80
1997	8	-9.47	-9.85	0.43	-3.66	-3.97	0.82
1997	9	-9.10	-9.93	0.45	-3.97	-3.95	0.83
1997	10	-10.47	-9.95	0.47	-3.69	-3.91	0.83
1997	11	-9.79	-9.85	0.50	-3.74	-3.85	0.82
1997	12	-11.32	-9.72	0.48	-3.81	-3.78	0.82
1998	1	-10.69	-9.58	0.43	-3.59	-3.69	0.73
1998	2	-10.50	-9.42	0.45	-3.92	-3.62	0.73
1998	3	-9.73	-9.26	0.42	-3.79	-3.55	0.72
1998	4	-8.94	-9.07	0.40	-3.58	-3.48	0.73
1998	5	-8.10	-8.84	0.37	-3.67	-3.44	0.74
1998	6	-8.30	-8.61	0.36	-3.31	-3.40	0.71
1998	7	-7.59	-8.41	0.36	-3.02	-3.36	0.70
1998	8	-7.56	-8.23	0.40	-2.98	-3.32	0.69
1998	9	-7.28	-8.03	0.40	-2.94	-3.26	0.71
1998	10	-7.66	-7.87	0.42	-3.16	-3.21	0.71
1998	11	-7.05	-7.76	0.46	-3.21	-3.17	0.71
1998	12	-8.44	-7.65	0.47	-3.40	-3.15	0.71
1999	1	-8.92	-7.54	0.46	-3.16	-3.14	0.62
1999	2	-7.88	-7.46	0.47	-3.20	-3.13	0.61
1999	3	-7.50	-7.37	0.47	-3.11	-3.13	0.63
1999	4	-7.40	-7.29	0.41	-3.06	-3.12	0.65
1999	5	-6.91	-7.27	0.40	-3.32	-3.14	0.67
1999	6	-6.79	-7.30	0.43	-3.20	-3.17	0.68
1999	7	-6.66	-7.32	0.43	-2.92	-3.21	0.69
1999	8	-6.54	-7.40	0.46	-2.84	-3.25	0.69
1999	9	-6.02	-7.54	0.51	-2.91	-3.29	0.69
1999	10	-6.98	-7.70	0.50	-3.10	-3.35	0.68
1999	11	-7.45	-7.87	0.50	-3.67	-3.39	0.67
1999	12	-8.70	-8.03	0.48	-3.81	-3.41	0.67
2000	1	-8.99	-8.16	0.44	-3.57	-3.44	0.58
2000	2	-9.74	-8.32	0.43	-3.68	-3.47	0.58
2000	3	-9.19	-8.49	0.44	-3.80	-3.50	0.58
2000	4	-9.41	-8.63	0.45	-3.67	-3.53	0.58
2000	5	-9.07	-8.73	0.49	-3.61	-3.53	0.59
2000	6	-8.39	-8.80	0.48	-3.51	-3.51	0.59
2000	7	-8.34	-8.81	0.48	-3.27	-3.48	0.59
2000	8	-8.50	-8.74	0.51	-3.27	-3.44	0.58
2000	9	-8.21	-8.63	0.58	-3.27	-3.41	0.56
2000	10	-8.30	-8.52	0.56	-3.31	-3.38	0.57
2000	11	-8.50	-8.38	0.56	-3.42	-3.35	0.56
2000	12	-9.31	-8.27	0.52	-3.57	-3.32	0.55
2001	1	-8.66	-8.22	0.46	-3.19	-3.32	0.48
2001	2	-8.20	-8.22	0.44	-3.21	-3.32	0.48
2001	3	-8.11	-8.23	0.47	-3.39	-3.32	0.50
2001	4	-7.82	-8.23	0.47	-3.38	-3.32	0.51
2001	5	-7.35	-8.18	0.48	-3.23	-3.32	0.51
2001	6	-7.57	-8.10	0.48	-3.27	-3.30	0.49
2001	7	-8.01	-7.99	0.45	-3.29	-3.28	0.49
2001	8	-8.66	-7.86	0.47	-3.27	-3.25	0.50
2001	9	-8.35	-7.75	0.39	-3.31	-3.23	0.50
2001	10	-8.19	-7.63	0.42	-3.37	-3.20	0.50
2001	11	-7.44	-7.52	0.45	-3.31	-3.17	0.50
2001	12	-8.42	-7.38	0.39	-3.28	-3.15	0.49
2002	1	-6.90	-7.22	0.39	-2.85	-3.12	0.45
2002	2	-6.87	-7.02	0.40	-2.97	-3.07	0.46
2002	3	-6.65	-6.76	0.43	-3.04	-3.00	0.48
2002	4	-6.42	-6.50	0.46	-3.02	-2.93	0.48
2002	5	-6.12	-6.25	0.44	-3.00	-2.87	0.49
2002	6	-5.52	-5.96	0.51	-3.04	-2.81	0.49
2002	7	-6.19	-5.69	0.51	-2.80	-2.78	0.49
2002	8	-5.64	-5.47	0.54	-2.51	-2.75	0.50
2002	9	-5.20	-5.25	0.55	-2.43	-2.72	0.49
2002	10	-5.15	-5.02	0.57	-2.53	-2.69	0.48
2002	11	-4.41	-4.79	0.55	-2.58	-2.66	0.50
2002	12	-4.53	-4.57	0.55	-2.68	-2.63	0.52
2003	1	-4.28	-4.36	0.58	-2.61	-2.59	0.51
2003	2	-4.18	-4.15	0.61	-2.56	-2.56	0.49
2003	3	-3.96	-3.96	0.58	-2.70	-2.53	0.47
2003	4	-3.58	-3.77	0.59	-2.63	-2.51	0.45
2003	5	-3.44	-3.63	0.56	-2.73	-2.48	0.45
2003	6	-3.07	-3.57	0.56	-2.51	-2.45	0.44
2003	7	-3.49	-3.54	0.53	-2.37	-2.43	0.44
2003	8	-3.33	-3.55	0.52	-2.15	-2.41	0.44
2003	9	-2.95	-3.56	0.47	-2.20	-2.39	0.44
2003	10	-2.92	-3.53	0.46	-2.22	-2.37	0.44
2003	11	-3.23	-3.53	0.48	-2.20	-2.35	0.44
2003	12	-4.19	-3.58	0.44	-2.44	-2.33	0.44
2004	1	-4.04	-3.61	0.50	-2.28	-2.33	0.44
2004	2	-4.63	-3.61	0.47	-2.42	-2.33	0.45
2004	3	-3.65	-3.62	0.45	-2.42	-2.32	0.45
2004	4	-3.32	-3.61	0.43	-2.45	-2.32	0.44
2004	5	-3.66	-3.59	0.40	-2.38	-2.32	0.44
2004	6	-3.90	-3.53	0.40	-2.44	-2.32	0.43
2004	7	-3.41	-3.49	0.43	-2.33	-2.32	0.43
2004	8	-3.56	-3.45	0.41	-2.14	-2.33	0.40
2004	9	-2.81	-3.40	0.42	-2.14	-2.34	0.40
2004	10	-3.02	-3.39	0.42	-2.24	-2.33	0.39
2004	11	-2.62	-3.37	0.42	-2.23	-2.32	0.39
2004	12	-3.39	-3.33	0.45	-2.33	-2.30	0.39
2005	1	-3.85	-3.27	0.47	-2.40	-2.25	0.48
2005	2	-3.67	-3.21	0.48	-2.53	-2.21	0.46
2005	3	-3.46	-3.15	0.45	-2.41	-2.15	0.47
2005	4	-3.36	-3.07	0.44	-2.37	-2.09	0.45
2005	5	-3.18	-2.96	0.46	-2.21	-2.04	0.45
2005	6	-3.28	-2.82	0.49	-1.99	-1.98	0.43
2005	7	-2.70	-2.61	0.47	-1.78	-1.90	0.42
2005	8	-2.71	-2.38	0.47	-1.53	-1.79	0.42
2005	9	-2.30	-2.16	0.46	-1.45	-1.69	0.41
2005	10	-1.67	-1.93	0.46	-1.50	-1.58	0.41
2005	11	-1.19	-1.72	0.45	-1.62	-1.49	0.41
2005	12	-1.58	-1.53	0.47	-1.56	-1.42	0.40
2006	1	-0.68	-1.38	0.47	-1.24	-1.36	0.40
2006	2	-1.15	-1.27	0.44	-1.23	-1.31	0.40
2006	3	-0.67	-1.20	0.44	-1.13	-1.27	0.41
2006	4	-0.64	-1.17	0.44	-1.20	-1.23	0.40
2006	5	-0.87	-1.16	0.43	-1.22	-1.20	0.40
2006	6	-1.09	-1.17	0.43	-1.13	-1.19	0.39
2006	7	-1.23	-1.24	0.43	-1.21	-1.20	0.39
2006	8	-1.63	-1.35	0.42	-1.01	-1.23	0.40
2006	9	-1.74	-1.47	0.41	-0.97	-1.28	0.37
2006	10	-1.45	-1.61	0.40	-0.98	-1.33	0.37
2006	11	-1.09	-1.76	0.40	-1.31	-1.38	0.37
2006	12	-2.01	-1.95	0.40	-1.63	-1.42	0.39
2007	1	-1.92	-2.12	0.41	-1.53	-1.44	0.36
2007	2	-2.53	-2.22	0.42	-1.66	-1.44	0.36
2007	3	-2.26	-2.27	0.43	-1.79	-1.46	0.38
2007	4	-2.30	-2.32	0.40	-1.77	-1.47	0.37
2007	5	-2.94	-2.42	0.37	-1.77	-1.46	0.37
2007	6	-3.57	-2.50	0.41	-1.55	-1.44	0.36
2007	7	-2.86	-2.50	0.42	-1.30	-1.38	0.35
2007	8	-2.34	-2.42	0.39	-1.08	-1.31	0.34
2007	9	-2.20	-2.30	0.41	-1.18	-1.22	0.35
2007	10	-2.27	-2.19	0.39	-1.09	-1.14	0.38
2007	11	-2.59	-2.05	0.39	-1.09	-1.06	0.38
2007	12	-2.50	-1.86	0.40	-1.19	-0.98	0.39
2008	1	-1.40	-1.71	0.39	-0.71	-0.91	0.35
2008	2	-1.01	-1.64	0.39	-0.69	-0.88	0.36
2008	3	-0.94	-1.62	0.38	-0.75	-0.86	0.36
2008	4	-0.95	-1.61	0.38	-0.78	-0.84	0.36
2008	5	-0.94	-1.60	0.40	-0.78	-0.84	0.36
2008	6	-1.14	-1.58	0.41	-0.60	-0.83	0.35
2008	7	-1.68	-1.60	0.41	-0.72	-0.82	0.37
2008	8	-1.84	-1.62	0.43	-0.88	-0.81	0.37
2008	9	-2.15	-1.59	0.40	-0.89	-0.80	0.35
2008	10	-2.02	-1.54	0.37	-0.97	-0.78	0.33
2008	11	-2.55	-1.46	0.38	-1.07	-0.77	0.34
2008	12	-2.26	-1.37	0.39	-0.97	-0.76	0.34
2009	1	-1.92	-1.25	0.38	-0.66	-0.76	0.33
2009	2	-0.97	-1.11	0.36	-0.58	-0.73	0.33
2009	3	-0.49	-0.94	0.36	-0.62	-0.68	0.32
2009	4	0.01	-0.75	0.38	-0.54	-0.63	0.32
2009	5	-0.07	-0.58	0.38	-0.60	-0.56	0.31
2009	6	0.04	-0.44	0.36	-0.66	-0.49	0.31
2009	7	0.04	-0.36	0.38	-0.54	-0.44	0.31
2009	8	-0.12	-0.35	0.38	-0.34	-0.40	0.31
2009	9	0.30	-0.43	0.37	-0.37	-0.37	0.31
2009	10	-0.08	-0.53	0.39	-0.23	-0.33	0.32
2009	11	-0.42	-0.61	0.39	-0.16	-0.29	0.32
2009	12	-0.96	-0.67	0.39	-0.19	-0.27	0.31
2010	1	-1.19	-0.73	0.34	-0.13	-0.25	0.30
2010	2	-1.54	-0.78	0.32	-0.22	-0.24	0.29
2010	3	-1.89	-0.85	0.33	-0.18	-0.24	0.28
2010	4	-1.00	-0.93	0.35	-0.07	-0.24	0.27
2010	5	-0.86	-0.98	0.35	-0.25	-0.27	0.27
2010	6	-0.76	-0.99	0.35	-0.33	-0.30	0.28
2010	7	-0.54	-0.94	0.35	-0.44	-0.31	0.27
2010	8	-0.63	-0.85	0.36	-0.32	-0.31	0.29
2010	9	-0.97	-0.74	0.37	-0.32	-0.31	0.29
2010	10	-0.67	-0.66	0.39	-0.39	-0.31	0.30
2010	11	-1.00	-0.62	0.38	-0.59	-0.30	0.31
2010	12	-0.66	-0.57	0.38	-0.49	-0.28	0.31
2011	1	-0.26	-0.51	0.36	-0.16	-0.25	0.32
2011	2	-0.45	-0.46	0.39	-0.15	-0.24	0.31
2011	3	-0.31	-0.39	0.39	-0.25	-0.22	0.32
2011	4	-0.56	-0.32	0.38	-0.07	-0.20	0.32
2011	5	-0.36	-0.23	0.39	0.06	-0.16	0.33
2011	6	0.03	-0.13	0.38	-0.06	-0.12	0.33
2011	7	0.05	-0.03	0.41	-0.18	-0.08	0.32
2011	8	-0.03	0.09	0.39	-0.17	-0.03	0.32
2011	9	0.03	0.19	0.41	-0.12	0.03	0.31
2011	10	0.07	0.29	0.43	-0.10	0.08	0.32
2011	11	0.32	0.37	0.42	0.04	0.12	0.31
2011	12	0.45	0.41	0.39	-0.02	0.17	0.31
2012	1	1.07	0.40	0.37	0.33	0.21	0.30
2012	2	0.97	0.41	0.39	0.46	0.25	0.29
2012	3	0.90	0.44	0.39	0.49	0.29	0.29
2012	4	0.42	0.48	0.37	0.53	0.34	0.31
2012	5	0.65	0.52	0.36	0.53	0.40	0.30
2012	6	-0.04	0.57	0.33	0.47	0.46	0.31
2012	7	-0.01	0.63	0.32	0.41	0.52	0.33
2012	8	0.20	0.69	0.33	0.17	0.57	0.35
2012	9	0.49	0.79	0.34	0.41	0.61	0.32
2012	10	0.49	0.86	0.34	0.68	0.64	0.31
2012	11	0.87	0.92	0.36	0.68	0.66	0.31
2012	12	1.27	1.01	0.35	0.75	0.67	0.32
2013	1	1.51	1.10	0.33	1.06	0.68	0.31
2013	2	2.18	1.17	0.33	0.93	0.70	0.31
2013	3	1.88	1.25	0.34	0.95	0.73	0.32
2013	4	1.27	1.35	0.34	0.77	0.73	0.32
2013	5	1.26	1.48	0.33	0.73	0.73	0.33
2013	6	1.34	1.60	0.34	0.63	0.74	0.33
2013	7	0.94	1.68	0.32	0.52	0.77	0.32
2013	8	0.99	1.70	0.32	0.55	0.79	0.33
2013	9	1.46	1.65	0.33	0.64	0.82	0.33
2013	10	2.06	1.61	0.34	0.48	0.85	0.33
2013	11	2.46	1.61	0.38	0.80	0.90	0.33
2013	12	2.36	1.64	0.39	1.01	0.96	0.34
2014	1	2.40	1.72	0.37	1.32	1.05	0.33
2014	2	1.81	1.82	0.38	1.24	1.14	0.31
2014	3	0.99	1.86	0.40	1.32	1.23	0.31
2014	4	1.17	1.82	0.38	1.28	1.31	0.31
2014	5	1.33	1.72	0.37	1.36	1.39	0.31
2014	6	2.05	1.62	0.39	1.42	1.45	0.32
2014	7	2.29	1.59	0.39	1.74	1.49	0.32
2014	8	1.93	1.62	0.39	1.65	1.54	0.32
2014	9	1.49	1.74	0.39	1.60	1.59	0.31
2014	10	1.06	1.87	0.37	1.49	1.66	0.32
2014	11	1.00	1.99	0.35	1.60	1.71	0.32
2014	12	1.52	2.10	0.36	1.66	1.76	0.32
2015	1	2.42	2.18	0.40	1.81	1.79	0.31
2015	2	2.69	2.27	0.42	1.79	1.79	0.26
2015	3	2.83	2.41	0.40	2.14	1.77	0.27
2015	4	2.59	2.56	0.39	2.02	1.73	0.27
2015	5	2.80	2.71	0.39	1.90	1.69	0.27
2015	6	3.12	2.85	0.39	1.94	1.64	0.26
2015	7	3.03	2.92	0.38	1.91	1.61	0.26
2015	8	3.46	2.92	0.37	1.62	1.57	0.27
2015	9	3.28	2.89	0.36	1.17	1.54	0.27
2015	10	2.80	2.88	0.38	1.02	1.51	0.26
2015	11	3.01	2.88	0.39	1.01	1.48	0.27
2015	12	2.78	2.85	0.36	1.15	1.45	0.27
2016	1	2.82	2.80	0.36	1.37	1.41	0.29
2016	2	2.39	2.71	0.36	1.47	1.38	0.30
2016	3	2.38	2.61	0.37	1.69	1.38	0.31
2016	4	2.74	2.55	0.37	1.66	1.41	0.31
2016	5	2.67	2.50	0.37	1.63	1.45	0.31
2016	6	2.56	2.46	0.37	1.48	1.51	0.31
2016	7	2.24	2.43	0.38	1.41	1.55	0.32
2016	8	2.10	2.45	0.41	1.33	1.59	0.32
2016	9	2.26	2.55	0.41	1.43	1.63	0.32
2016	10	2.37	2.67	0.42	1.49	1.66	0.31
2016	11	2.44	2.77	0.46	1.68	1.69	0.32
2016	12	2.37	2.86	0.45	1.75	1.72	0.32
2017	1	2.40	2.94	0.44	1.91	1.76	0.34
2017	2	3.27	3.02	0.41	1.89	1.82	0.34
2017	3	3.95	3.14	0.39	1.99	1.89	0.34
2017	4	4.03	3.27	0.39	2.15	1.94	0.35
2017	5	3.87	3.40	0.38	1.88	1.99	0.34
2017	6	3.43	3.54	0.39	1.92	2.03	0.34
2017	7	3.21	3.73	0.42	1.97	2.08	0.57
2017	8	3.23	3.96	0.44	2.23	2.13	0.58
2017	9	3.87	 NaN	0.43	2.18	 NaN	0.59
2017	10	4.00	 NaN	0.45	2.08	 NaN	0.63
2017	11	3.88	 NaN	0.47	2.10	 NaN	0.67
2017	12	4.26	 NaN	0.50	2.31	 NaN	0.73
2018	1	5.19	 NaN	0.50	2.55	 NaN	0.73
2018	2	5.86	 NaN	0.50	2.60	 NaN	0.73