%%% Estimate of the ocean energy budget. The energy budgets are relative to 1958-1962 base period. 
%%%  Reference: Cheng L. *, K. Trenberth, J. Fasullo, T. Boyer, J. Abraham, J. Zhu, 2017: Improved estimates of ocean heat content from 1960 to 2015, Science Advances, 3, e1601545. 
%%% Update date: Dec 2016 by L.Cheng

%%% Note: here the uncertainty (error bar) includes mapping error (due to sampling) at upper 2000m and error for OHC values below 2000m. There are other error sources, i.e. XBT bias, an independent estimate on uncertainty due to XBT bias will be provided soon by our group.

"year" "month" "Ocean-Energy 10^22 Joules" "Errorbar, lower bound,95%CI" "Errorbar, upper bound, 95%CI"
1960 1 -2.97 -9.96 4.03
1960 2 -2.66 -9.61 4.30
1960 3 -2.43 -9.27 4.42
1960 4 -2.09 -8.94 4.76
1960 5 -1.76 -8.60 5.07
1960 6 -1.33 -8.25 5.59
1960 7 -1.10 -8.06 5.86
1960 8 -0.86 -7.66 5.94
1960 9 -0.49 -7.45 6.47
1960 10 -0.23 -7.25 6.79
1960 11 0.07 -6.90 7.04
1960 12 0.45 -6.47 7.37
1961 1 0.68 -6.49 7.85
1961 2 0.79 -6.32 7.90
1961 3 0.74 -6.39 7.86
1961 4 0.61 -6.53 7.75
1961 5 0.46 -6.57 7.50
1961 6 0.34 -6.70 7.38
1961 7 0.36 -6.82 7.54
1961 8 0.37 -6.84 7.57
1961 9 0.47 -6.86 7.80
1961 10 0.56 -6.49 7.62
1961 11 0.74 -6.12 7.60
1961 12 0.86 -6.01 7.73
1962 1 1.14 -5.83 8.12
1962 2 1.44 -5.69 8.56
1962 3 1.88 -5.08 8.84
1962 4 2.33 -4.68 9.33
1962 5 2.71 -4.04 9.46
1962 6 2.94 -3.47 9.36
1962 7 3.18 -3.08 9.43
1962 8 3.28 -3.13 9.69
1962 9 3.52 -2.95 9.99
1962 10 3.61 -2.93 10.15
1962 11 3.71 -3.01 10.43
1962 12 3.70 -2.96 10.36
1963 1 3.64 -2.94 10.22
1963 2 3.43 -2.97 9.83
1963 3 3.16 -3.30 9.63
1963 4 2.95 -3.31 9.21
1963 5 2.74 -3.48 8.95
1963 6 2.42 -3.59 8.43
1963 7 2.19 -3.46 7.85
1963 8 2.09 -3.79 7.98
1963 9 1.89 -4.11 7.89
1963 10 1.54 -4.51 7.59
1963 11 1.30 -4.63 7.24
1963 12 1.08 -4.84 7.00
1964 1 0.69 -5.52 6.90
1964 2 0.51 -5.78 6.81
1964 3 0.29 -6.19 6.77
1964 4 0.25 -6.34 6.83
1964 5 0.06 -6.64 6.75
1964 6 -0.02 -6.57 6.54
1964 7 0.06 -6.43 6.54
1964 8 0.22 -6.18 6.61
1964 9 0.10 -6.55 6.76
1964 10 0.13 -6.53 6.79
1964 11 0.27 -6.25 6.80
1964 12 0.49 -5.90 6.87
1965 1 0.55 -6.22 7.33
1965 2 0.78 -5.88 7.44
1965 3 1.14 -5.47 7.76
1965 4 1.50 -5.02 8.03
1965 5 1.64 -4.74 8.03
1965 6 1.80 -4.50 8.11
1965 7 2.02 -4.07 8.11
1965 8 2.18 -3.97 8.33
1965 9 2.34 -3.96 8.64
1965 10 2.64 -3.86 9.14
1965 11 2.90 -3.53 9.33
1965 12 3.10 -3.27 9.46
1966 1 3.11 -3.04 9.26
1966 2 3.19 -3.04 9.41
1966 3 3.20 -2.98 9.39
1966 4 2.88 -3.35 9.10
1966 5 2.65 -3.43 8.73
1966 6 2.55 -3.45 8.55
1966 7 2.64 -3.43 8.70
1966 8 2.65 -3.44 8.74
1966 9 2.72 -3.31 8.76
1966 10 2.73 -3.06 8.53
1966 11 2.68 -2.97 8.32
1966 12 2.66 -3.02 8.34
1967 1 2.65 -2.76 8.06
1967 2 2.63 -2.85 8.10
1967 3 2.72 -2.64 8.07
1967 4 2.91 -2.39 8.21
1967 5 3.04 -2.24 8.33
1967 6 3.02 -2.15 8.18
1967 7 3.07 -2.02 8.16
1967 8 2.80 -2.37 7.97
1967 9 2.47 -2.80 7.74
1967 10 2.13 -3.18 7.44
1967 11 1.88 -3.40 7.16
1967 12 1.65 -3.50 6.80
1968 1 1.34 -3.67 6.35
1968 2 1.01 -3.95 5.96
1968 3 0.68 -4.23 5.59
1968 4 0.38 -4.57 5.33
1968 5 0.02 -5.02 5.07
1968 6 -0.25 -5.25 4.75
1968 7 -0.36 -5.18 4.46
1968 8 -0.52 -5.39 4.36
1968 9 -0.49 -5.35 4.36
1968 10 -0.49 -5.25 4.28
1968 11 -0.52 -5.25 4.21
1968 12 -0.59 -5.36 4.18
1969 1 -0.73 -5.59 4.13
1969 2 -1.07 -5.99 3.85
1969 3 -1.32 -6.32 3.67
1969 4 -1.55 -6.52 3.42
1969 5 -1.86 -6.98 3.27
1969 6 -2.21 -7.21 2.78
1969 7 -2.44 -7.49 2.61
1969 8 -2.84 -8.03 2.35
1969 9 -3.24 -8.45 1.97
1969 10 -3.53 -8.55 1.49
1969 11 -3.78 -8.65 1.09
1969 12 -3.99 -8.86 0.88
1970 1 -4.12 -8.95 0.71
1970 2 -4.16 -8.99 0.67
1970 3 -3.93 -8.80 0.94
1970 4 -3.69 -8.58 1.19
1970 5 -3.38 -8.25 1.50
1970 6 -2.95 -7.68 1.77
1970 7 -2.37 -7.10 2.36
1970 8 -1.87 -6.77 3.04
1970 9 -1.28 -6.14 3.58
1970 10 -0.75 -5.63 4.13
1970 11 -0.32 -5.31 4.68
1970 12 0.07 -4.93 5.07
1971 1 0.44 -4.38 5.26
1971 2 0.73 -4.08 5.54
1971 3 0.96 -3.94 5.86
1971 4 1.15 -3.63 5.93
1971 5 1.17 -3.51 5.85
1971 6 1.15 -3.46 5.77
1971 7 1.06 -3.55 5.67
1971 8 0.87 -3.91 5.64
1971 9 0.72 -4.11 5.55
1971 10 0.61 -4.23 5.45
1971 11 0.63 -4.19 5.46
1971 12 0.54 -4.22 5.30
1972 1 0.28 -4.44 4.99
1972 2 0.01 -4.71 4.74
1972 3 -0.18 -4.96 4.59
1972 4 -0.51 -5.27 4.24
1972 5 -0.90 -5.68 3.88
1972 6 -1.00 -5.65 3.65
1972 7 -1.02 -5.69 3.66
1972 8 -1.05 -5.70 3.61
1972 9 -1.00 -5.58 3.58
1972 10 -0.94 -6.14 4.25
1972 11 -0.90 -6.09 4.29
1972 12 -0.87 -6.07 4.33
1973 1 -0.62 -5.75 4.52
1973 2 -0.09 -5.29 5.11
1973 3 0.42 -4.79 5.63
1973 4 0.85 -4.34 6.05
1973 5 1.33 -3.88 6.54
1973 6 1.87 -3.24 6.97
1973 7 2.42 -2.63 7.47
1973 8 2.97 -2.19 8.12
1973 9 3.52 -1.75 8.80
1973 10 3.89 -1.36 9.13
1973 11 4.25 -1.03 9.54
1973 12 4.68 -0.53 9.88
1974 1 4.90 -0.33 10.13
1974 2 4.99 -0.25 10.23
1974 3 5.03 -0.19 10.26
1974 4 5.21 -0.06 10.47
1974 5 5.41 0.05 10.77
1974 6 5.67 0.23 11.11
1974 7 5.99 0.74 11.24
1974 8 6.07 0.73 11.40
1974 9 6.01 0.68 11.34
1974 10 5.96 0.73 11.19
1974 11 6.08 0.83 11.34
1974 12 6.02 0.66 11.38
1975 1 5.83 0.59 11.08
1975 2 5.86 0.62 11.10
1975 3 5.88 0.56 11.21
1975 4 5.84 0.51 11.17
1975 5 5.86 0.38 11.33
1975 6 5.82 0.39 11.25
1975 7 5.72 0.31 11.14
1975 8 5.50 0.05 10.95
1975 9 5.41 -0.27 11.08
1975 10 5.23 -0.40 10.87
1975 11 5.03 -0.54 10.59
1975 12 4.68 -0.95 10.31
1976 1 4.55 -0.93 10.03
1976 2 4.53 -1.01 10.06
1976 3 4.46 -1.06 9.98
1976 4 4.39 -1.24 10.01
1976 5 4.38 -1.28 10.04
1976 6 4.21 -1.37 9.80
1976 7 4.08 -1.35 9.50
1976 8 4.09 -1.39 9.58
1976 9 4.18 -1.34 9.71
1976 10 4.26 -1.24 9.75
1976 11 4.37 -1.07 9.82
1976 12 4.45 -1.01 9.91
1977 1 4.48 -0.85 9.81
1977 2 4.44 -0.85 9.72
1977 3 4.22 -0.98 9.43
1977 4 4.06 -1.22 9.33
1977 5 3.89 -1.56 9.34
1977 6 3.78 -1.65 9.20
1977 7 3.76 -1.67 9.20
1977 8 3.76 -1.63 9.15
1977 9 3.71 -1.61 9.03
1977 10 3.57 -1.66 8.79
1977 11 3.30 -1.89 8.49
1977 12 3.07 -2.00 8.14
1978 1 2.90 -2.01 7.82
1978 2 2.76 -2.07 7.59
1978 3 2.74 -2.17 7.65
1978 4 2.84 -2.06 7.74
1978 5 2.89 -1.98 7.76
1978 6 2.97 -1.67 7.62
1978 7 2.94 -1.56 7.45
1978 8 2.80 -1.75 7.35
1978 9 2.70 -1.85 7.25
1978 10 2.57 -1.96 7.11
1978 11 2.44 -2.02 6.90
1978 12 2.39 -1.99 6.77
1979 1 2.42 -1.84 6.67
1979 2 2.30 -1.88 6.49
1979 3 2.30 -1.85 6.44
1979 4 2.20 -2.03 6.43
1979 5 2.17 -2.22 6.56
1979 6 2.20 -2.15 6.55
1979 7 2.32 -2.10 6.75
1979 8 2.60 -1.94 7.14
1979 9 2.94 -1.67 7.56
1979 10 3.18 -1.37 7.73
1979 11 3.38 -1.09 7.85
1979 12 3.59 -0.75 7.93
1980 1 3.79 -0.51 8.09
1980 2 3.91 -0.40 8.21
1980 3 4.10 -0.18 8.38
1980 4 4.25 0.02 8.48
1980 5 4.39 0.11 8.67
1980 6 4.47 0.20 8.74
1980 7 4.52 0.25 8.79
1980 8 4.51 0.10 8.93
1980 9 4.39 -0.12 8.90
1980 10 4.26 -0.28 8.81
1980 11 4.13 -0.40 8.66
1980 12 3.97 -0.59 8.52
1981 1 3.70 -0.78 8.17
1981 2 3.50 -0.97 7.96
1981 3 3.35 -1.06 7.77
1981 4 3.30 -1.07 7.67
1981 5 3.09 -1.28 7.46
1981 6 2.81 -1.48 7.10
1981 7 2.54 -1.73 6.81
1981 8 2.36 -2.11 6.83
1981 9 2.13 -2.49 6.76
1981 10 1.81 -2.85 6.48
1981 11 1.50 -3.04 6.03
1981 12 1.11 -3.32 5.53
1982 1 0.76 -3.49 5.01
1982 2 0.53 -3.66 4.72
1982 3 0.38 -3.80 4.56
1982 4 0.21 -3.90 4.33
1982 5 0.02 -4.02 4.07
1982 6 0.01 -4.06 4.07
1982 7 0.06 -4.01 4.12
1982 8 -0.01 -4.12 4.10
1982 9 -0.15 -4.34 4.04
1982 10 -0.28 -4.44 3.87
1982 11 -0.28 -4.38 3.82
1982 12 -0.33 -4.43 3.77
1983 1 -0.30 -4.24 3.64
1983 2 -0.38 -4.34 3.58
1983 3 -0.31 -4.25 3.64
1983 4 -0.23 -4.21 3.76
1983 5 -0.14 -4.24 3.95
1983 6 -0.06 -4.10 3.99
1983 7 0.18 -3.77 4.13
1983 8 0.47 -3.57 4.50
1983 9 0.82 -3.28 4.91
1983 10 0.92 -3.16 5.01
1983 11 0.93 -3.10 4.96
1983 12 0.74 -3.32 4.81
1984 1 0.49 -3.46 4.43
1984 2 0.27 -3.71 4.25
1984 3 0.27 -3.60 4.14
1984 4 0.20 -3.64 4.03
1984 5 0.11 -3.65 3.88
1984 6 0.13 -3.59 3.86
1984 7 0.39 -3.26 4.04
1984 8 0.56 -3.21 4.33
1984 9 0.70 -3.18 4.58
1984 10 0.94 -2.98 4.85
1984 11 1.24 -2.68 5.17
1984 12 1.53 -2.40 5.45
1985 1 1.83 -1.95 5.60
1985 2 2.18 -1.59 5.95
1985 3 2.56 -1.21 6.32
1985 4 2.92 -0.82 6.66
1985 5 3.25 -0.52 7.03
1985 6 3.50 -0.23 7.23
1985 7 3.76 0.08 7.44
1985 8 3.84 0.06 7.63
1985 9 3.97 0.02 7.93
1985 10 4.12 0.15 8.09
1985 11 4.19 0.33 8.06
1985 12 4.39 0.52 8.26
1986 1 4.79 1.09 8.49
1986 2 5.28 1.60 8.96
1986 3 5.83 2.16 9.49
1986 4 6.25 2.58 9.91
1986 5 6.52 2.84 10.21
1986 6 6.70 3.04 10.35
1986 7 6.84 3.31 10.37
1986 8 6.91 3.34 10.48
1986 9 6.99 3.42 10.57
1986 10 6.99 3.34 10.63
1986 11 6.95 3.36 10.55
1986 12 6.90 3.40 10.39
1987 1 6.72 3.31 10.12
1987 2 6.42 3.08 9.77
1987 3 6.19 2.84 9.54
1987 4 5.99 2.66 9.32
1987 5 5.98 2.61 9.35
1987 6 6.08 2.70 9.46
1987 7 6.20 2.82 9.57
1987 8 6.21 2.83 9.58
1987 9 6.28 2.78 9.78
1987 10 6.27 2.90 9.64
1987 11 6.23 2.91 9.54
1987 12 6.19 2.84 9.54
1988 1 6.21 2.97 9.45
1988 2 6.32 3.05 9.60
1988 3 6.46 3.18 9.75
1988 4 6.52 3.17 9.86
1988 5 6.49 3.08 9.90
1988 6 6.44 3.14 9.74
1988 7 6.46 3.15 9.78
1988 8 6.58 3.24 9.91
1988 9 6.82 3.19 10.46
1988 10 6.98 3.34 10.62
1988 11 7.06 3.41 10.71
1988 12 7.14 3.52 10.76
1989 1 7.15 3.59 10.72
1989 2 6.99 3.44 10.54
1989 3 6.78 3.27 10.29
1989 4 6.70 3.21 10.19
1989 5 6.64 3.08 10.21
1989 6 6.58 3.04 10.12
1989 7 6.63 3.16 10.10
1989 8 6.59 3.09 10.09
1989 9 6.49 2.90 10.08
1989 10 6.43 2.86 10.00
1989 11 6.36 2.73 9.99
1989 12 6.25 2.80 9.70
1990 1 6.06 2.63 9.50
1990 2 5.98 2.61 9.34
1990 3 6.06 2.69 9.43
1990 4 6.21 2.82 9.60
1990 5 6.35 2.91 9.78
1990 6 6.58 3.10 10.06
1990 7 6.96 3.58 10.34
1990 8 7.22 3.83 10.62
1990 9 7.48 3.94 11.01
1990 10 7.75 4.18 11.32
1990 11 7.96 4.40 11.53
1990 12 8.18 4.56 11.80
1991 1 8.45 5.02 11.88
1991 2 8.80 5.39 12.21
1991 3 9.01 5.58 12.44
1991 4 9.29 5.80 12.79
1991 5 9.39 5.87 12.92
1991 6 9.43 5.91 12.95
1991 7 9.36 5.93 12.79
1991 8 9.19 5.73 12.65
1991 9 9.03 5.32 12.73
1991 10 8.95 5.21 12.68
1991 11 8.80 5.01 12.60
1991 12 8.76 5.12 12.41
1992 1 8.76 5.31 12.20
1992 2 8.75 5.36 12.15
1992 3 8.75 5.39 12.11
1992 4 8.87 5.53 12.22
1992 5 8.86 5.59 12.13
1992 6 8.99 5.77 12.21
1992 7 9.12 6.00 12.25
1992 8 9.19 6.08 12.30
1992 9 9.23 6.02 12.44
1992 10 9.31 6.26 12.36
1992 11 9.30 6.24 12.36
1992 12 9.27 6.20 12.34
1993 1 9.19 6.19 12.19
1993 2 9.03 6.06 12.02
1993 3 8.91 5.95 11.87
1993 4 8.82 5.94 11.70
1993 5 8.81 5.95 11.67
1993 6 8.97 6.17 11.78
1993 7 9.20 6.41 12.00
1993 8 9.43 6.54 12.32
1993 9 9.73 6.83 12.62
1993 10 9.99 7.08 12.89
1993 11 10.15 7.28 13.02
1993 12 10.32 7.44 13.20
1994 1 10.52 7.76 13.28
1994 2 10.68 7.90 13.48
1994 3 10.94 8.18 13.70
1994 4 11.22 8.44 14.01
1994 5 11.50 8.70 14.31
1994 6 11.67 8.86 14.49
1994 7 11.72 8.87 14.57
1994 8 11.63 8.68 14.58
1994 9 11.45 8.43 14.48
1994 10 11.20 8.23 14.18
1994 11 11.05 8.14 13.97
1994 12 10.91 8.02 13.81
1995 1 10.71 8.01 13.40
1995 2 10.47 7.82 13.13
1995 3 10.21 7.56 12.85
1995 4 9.98 7.39 12.58
1995 5 9.80 7.14 12.47
1995 6 9.67 7.03 12.32
1995 7 9.61 7.01 12.21
1995 8 9.55 6.93 12.17
1995 9 9.61 6.88 12.34
1995 10 9.68 6.92 12.45
1995 11 9.84 7.11 12.58
1995 12 9.97 7.27 12.68
1996 1 10.12 7.46 12.78
1996 2 10.29 7.67 12.91
1996 3 10.54 7.89 13.18
1996 4 10.87 8.14 13.60
1996 5 11.09 8.35 13.84
1996 6 11.30 8.61 13.99
1996 7 11.52 8.90 14.16
1996 8 11.71 9.02 14.41
1996 9 11.94 9.21 14.67
1996 10 12.06 9.41 14.71
1996 11 12.18 9.56 14.80
1996 12 12.29 9.64 14.95
1997 1 12.40 9.86 14.95
1997 2 12.50 10.00 15.00
1997 3 12.65 10.18 15.14
1997 4 12.75 10.26 15.24
1997 5 12.85 10.32 15.37
1997 6 12.98 10.48 15.48
1997 7 13.14 10.68 15.60
1997 8 13.25 10.78 15.72
1997 9 13.36 10.90 15.84
1997 10 13.47 11.04 15.89
1997 11 13.64 11.23 16.06
1997 12 13.83 11.42 16.25
1998 1 14.04 11.71 16.38
1998 2 14.23 11.96 16.51
1998 3 14.45 12.23 16.68
1998 4 14.66 12.50 16.83
1998 5 14.96 12.78 17.15
1998 6 15.20 13.01 17.40
1998 7 15.44 13.21 17.68
1998 8 15.69 13.42 17.96
1998 9 15.90 13.56 18.25
1998 10 16.05 13.75 18.37
1998 11 16.22 13.93 18.52
1998 12 16.34 14.08 18.60
1999 1 16.46 14.35 18.58
1999 2 16.62 14.52 18.72
1999 3 16.79 14.70 18.88
1999 4 16.88 14.84 18.92
1999 5 16.97 14.92 19.03
1999 6 17.01 14.93 19.09
1999 7 17.06 14.94 19.19
1999 8 17.10 14.96 19.26
1999 9 17.08 14.91 19.27
1999 10 17.04 14.86 19.22
1999 11 17.02 14.85 19.20
1999 12 17.02 14.85 19.19
2000 1 17.01 14.98 19.05
2000 2 16.99 14.92 19.07
2000 3 16.91 14.80 19.02
2000 4 16.81 14.70 18.93
2000 5 16.76 14.62 18.90
2000 6 16.71 14.59 18.83
2000 7 16.69 14.59 18.80
2000 8 16.74 14.60 18.88
2000 9 16.78 14.60 18.97
2000 10 16.80 14.61 18.99
2000 11 16.88 14.70 19.07
2000 12 16.90 14.74 19.07
2001 1 16.87 14.91 18.84
2001 2 16.83 14.88 18.79
2001 3 16.83 14.87 18.79
2001 4 16.86 14.90 18.83
2001 5 16.98 15.00 18.96
2001 6 17.08 15.09 19.08
2001 7 17.29 15.38 19.21
2001 8 17.46 15.58 19.35
2001 9 17.59 15.79 19.40
2001 10 17.78 15.95 19.61
2001 11 17.97 16.12 19.84
2001 12 18.19 16.29 20.08
2002 1 18.41 16.55 20.27
2002 2 18.69 16.83 20.55
2002 3 18.98 17.08 20.89
2002 4 19.31 17.38 21.25
2002 5 19.67 17.81 21.54
2002 6 19.98 18.15 21.83
2002 7 20.31 18.52 22.12
2002 8 20.54 18.77 22.33
2002 9 20.79 19.01 22.57
2002 10 21.04 19.23 22.86
2002 11 21.27 19.44 23.10
2002 12 21.50 19.67 23.33
2003 1 21.66 19.77 23.56
2003 2 21.89 20.02 23.77
2003 3 22.11 20.27 23.95
2003 4 22.33 20.49 24.18
2003 5 22.48 20.69 24.28
2003 6 22.58 20.78 24.38
2003 7 22.68 20.89 24.47
2003 8 22.78 21.03 24.55
2003 9 22.90 21.18 24.62
2003 10 23.01 21.29 24.74
2003 11 23.10 21.36 24.84
2003 12 23.19 21.46 24.92
2004 1 23.26 21.38 25.16
2004 2 23.33 21.46 25.21
2004 3 23.37 21.51 25.25
2004 4 23.38 21.54 25.23
2004 5 23.41 21.59 25.24
2004 6 23.47 21.65 25.29
2004 7 23.47 21.68 25.26
2004 8 23.47 21.72 25.22
2004 9 23.48 21.73 25.23
2004 10 23.49 21.75 25.25
2004 11 23.50 21.79 25.22
2004 12 23.47 21.72 25.23
2005 1 23.45 21.52 25.39
2005 2 23.44 21.53 25.36
2005 3 23.49 21.57 25.43
2005 4 23.56 21.67 25.46
2005 5 23.65 21.79 25.53
2005 6 23.78 21.91 25.67
2005 7 23.99 22.11 25.87
2005 8 24.22 22.36 26.10
2005 9 24.43 22.56 26.30
2005 10 24.62 22.79 26.46
2005 11 24.76 22.94 26.60
2005 12 24.92 23.05 26.80
2006 1 25.10 23.17 27.04
2006 2 25.24 23.34 27.15
2006 3 25.33 23.42 27.26
2006 4 25.38 23.49 27.28
2006 5 25.40 23.52 27.30
2006 6 25.38 23.45 27.33
2006 7 25.39 23.48 27.32
2006 8 25.33 23.43 27.25
2006 9 25.31 23.43 27.21
2006 10 25.30 23.41 27.19
2006 11 25.23 23.32 27.15
2006 12 25.15 23.23 27.09
2007 1 25.07 23.05 27.11
2007 2 25.02 22.99 27.05
2007 3 25.00 23.02 27.00
2007 4 25.01 23.01 27.01
2007 5 25.08 23.07 27.10
2007 6 25.24 23.19 27.30
2007 7 25.51 23.46 27.58
2007 8 25.76 23.70 27.83
2007 9 25.97 23.96 27.99
2007 10 26.18 24.15 28.22
2007 11 26.35 24.34 28.39
2007 12 26.58 24.57 28.61
2008 1 26.75 24.64 28.86
2008 2 26.91 24.82 29.01
2008 3 27.04 24.95 29.14
2008 4 27.13 25.07 29.20
2008 5 27.19 25.15 29.24
2008 6 27.25 25.22 29.29
2008 7 27.28 25.23 29.34
2008 8 27.26 25.18 29.35
2008 9 27.21 25.15 29.27
2008 10 27.22 25.15 29.30
2008 11 27.20 25.15 29.27
2008 12 27.21 25.17 29.27
2009 1 27.19 25.11 29.28
2009 2 27.22 25.16 29.28
2009 3 27.25 25.22 29.31
2009 4 27.36 25.33 29.41
2009 5 27.49 25.46 29.54
2009 6 27.72 25.67 29.78
2009 7 27.90 25.83 29.98
2009 8 28.04 25.99 30.11
2009 9 28.11 26.05 30.19
2009 10 28.16 26.11 30.23
2009 11 28.14 26.14 30.16
2009 12 28.09 26.13 30.06
2010 1 28.06 26.06 30.07
2010 2 28.06 26.10 30.03
2010 3 28.01 26.01 30.03
2010 4 27.97 25.97 29.98
2010 5 27.91 25.90 29.94
2010 6 27.89 25.86 29.93
2010 7 27.92 25.89 29.98
2010 8 27.98 25.94 30.03
2010 9 28.04 26.01 30.08
2010 10 28.09 26.06 30.13
2010 11 28.13 26.10 30.18
2010 12 28.26 26.24 30.29
2011 1 28.40 26.33 30.49
2011 2 28.51 26.47 30.57
2011 3 28.61 26.57 30.67
2011 4 28.72 26.69 30.77
2011 5 28.85 26.85 30.88
2011 6 29.04 27.04 31.06
2011 7 29.27 27.27 31.28
2011 8 29.52 27.50 31.55
2011 9 29.69 27.66 31.73
2011 10 29.81 27.80 31.83
2011 11 29.94 27.92 31.97
2011 12 30.07 28.04 32.11
2012 1 30.20 28.18 32.25
2012 2 30.37 28.32 32.44
2012 3 30.55 28.50 32.61
2012 4 30.73 28.66 32.81
2012 5 30.97 28.92 33.04
2012 6 31.23 29.15 33.33
2012 7 31.43 29.33 33.55
2012 8 31.62 29.51 33.74
2012 9 31.70 29.62 33.80
2012 10 31.79 29.71 33.89
2012 11 31.85 29.77 33.95
2012 12 31.90 29.83 33.99
2013 1 31.92 29.83 34.02
2013 2 31.87 29.78 33.97
2013 3 31.86 29.78 33.95
2013 4 31.87 29.78 33.97
2013 5 31.92 29.85 34.01
2013 6 32.00 29.94 34.07
2013 7 32.05 29.98 34.13
2013 8 32.09 30.01 34.19
2013 9 32.02 29.90 34.15
2013 10 31.96 29.85 34.08
2013 11 31.90 29.78 34.02
2013 12 31.94 29.86 34.04
2014 1 31.99 29.87 34.13
2014 2 32.03 29.91 34.18
2014 3 32.02 29.88 34.17
2014 4 31.93 29.80 34.08
2014 5 31.84 29.72 33.98
2014 6 31.87 29.73 34.02
2014 7 31.91 29.77 34.07
2014 8 32.02 29.89 34.18
2014 9 32.17 30.05 34.31
2014 10 32.37 30.27 34.49
2014 11 32.51 30.43 34.61
2014 12 32.70 30.61 34.80
2015 1 32.79 30.71 34.90
2015 2 32.92 30.80 35.05
2015 3 33.06 30.91 35.23
2015 4 33.21 31.05 35.39
2015 5 33.35 31.20 35.52
2015 6 33.47 31.30 35.67
2015 7  NaN  NaN  NaN
2015 8  NaN  NaN  NaN
2015 9  NaN  NaN  NaN
2015 10  NaN  NaN  NaN
2015 11  NaN  NaN  NaN
2015 12  NaN  NaN  NaN